{
"start": "Fri Jul 31 2015 18:58:07 GMT-0700 (PDT)",
"flight": [
{"event":"command","at":"2015-08-01T01:58:07.238Z","data":{"kind":"primary","duration":10000,"commandSelect":"takeoff"}},{"event":"telemetry","at":"2015-08-01T01:58:07.328Z","data":{"header":1432778632,"droneState":{"flying":1,"videoEnabled":0,"visionEnabled":1,"controlAlgorithm":0,"altitudeControlAlgorithm":1,"startButtonState":1,"controlCommandAck":0,"cameraReady":1,"travellingEnabled":0,"usbReady":0,"navdataDemo":1,"navdataBootstrap":0,"motorProblem":0,"communicationLost":0,"softwareFault":0,"lowBattery":0,"userEmergencyLanding":0,"timerElapsed":0,"MagnometerNeedsCalibration":0,"anglesOutOfRange":0,"tooMuchWind":0,"ultrasonicSensorDeaf":0,"cutoutDetected":0,"picVersionNumberOk":1,"atCodecThreadOn":1,"navdataThreadOn":1,"videoThreadOn":1,"acquisitionThreadOn":1,"controlWatchdogDelay":0,"adcWatchdogDelay":0,"comWatchdogProblem":0,"emergencyLanding":0},"sequenceNumber":3975,"visionFlag":1,"demo":{"controlState":"CTRL_TRANS_GOTOFIX","flyState":"FLYING_OK","batteryPercentage":81,"rotation":{"frontBack":2.953,"pitch":2.953,"theta":2.953,"y":2.953,"leftRight":0.708,"roll":0.708,"phi":0.708,"x":0.708,"clockwise":-63.879,"yaw":-63.879,"psi":-63.879,"z":-63.879},"frontBackDegrees":2.953,"leftRightDegrees":0.708,"clockwiseDegrees":-63.879,"altitude":0,"altitudeMeters":0,"velocity":{"x":16.822751998901367,"y":-13.924972534179688,"z":0},"xVelocity":16.822751998901367,"yVelocity":-13.924972534179688,"zVelocity":0,"frameIndex":0,"detection":{"camera":{"rotation":{"m11":0,"m12":0,"m13":0,"m21":0,"m22":0,"m23":0,"m31":0,"m32":0,"m33":0},"translation":{"x":0,"y":0,"z":0},"type":3},"tagIndex":0},"drone":{"camera":{"rotation":{"m11":-0.48765408992767334,"m12":-0.8729187846183777,"m13":-0.014372529461979866,"m21":0.8715153336524963,"m22":-0.4877097010612488,"m23":0.05099574476480484,"m31":-0.05152475833892822,"m32":0.012342395260930061,"m33":0.9985954165458679},"translation":{"x":-0.0008655861020088196,"y":-2.997206926345825,"z":-239}}}},"visionDetect":{"nbDetected":0,"type":[0,0,0,0],"xc":[0,0,0,0],"yc":[0,0,0,0],"width":[0,0,0,0],"height":[0,0,0,0],"dist":[0,0,0,0],"orientationAngle":[0,0,0,0],"rotation":[{"m11":0,"m12":0,"m13":0,"m21":0,"m22":0,"m23":0,"m31":0,"m32":0,"m33":0},{"m11":0,"m12":0,"m13":0,"m21":0,"m22":0,"m23":0,"m31":0,"m32":0,"m33":0},{"m11":0,"m12":0,"m13":0,"m21":0,"m22":0,"m23":0,"m31":0,"m32":0,"m33":0},{"m11":0,"m12":0,"m13":0,"m21":0,"m22":0,"m23":0,"m31":0,"m32":0,"m33":0}],"translation":[{"x":0,"y":0,"z":0},{"x":0,"y":0,"z":0},{"x":0,"y":0,"z":0},{"x":0,"y":0,"z":0}],"cameraSource":[0,0,0,0]}}},{"event":"telemetry","at":"2015-08-01T01:58:07.328Z","data":{"header":1432778632,"droneState":{"flying":1,"videoEnabled":0,"visionEnabled":1,"controlAlgorithm":0,"altitudeControlAlgorithm":1,"startButtonState":1,"controlCommandAck":0,"cameraReady":1,"travellingEnabled":0,"usbReady":0,"navdataDemo":1,"navdataBootstrap":0,"motorProblem":0,"communicationLost":0,"softwareFault":0,"lowBattery":0,"userEmergencyLanding":0,"timerElapsed":0,"MagnometerNeedsCalibration":0,"anglesOutOfRange":0,"tooMuchWind":0,"ultrasonicSensorDeaf":0,"cutoutDetected":0,"picVersionNumberOk":1,"atCodecThreadOn":1,"navdataThreadOn":1,"videoThreadOn":1,"acquisitionThreadOn":1,"controlWatchdogDelay":0,"adcWatchdogDelay":0,"comWatchdogProblem":0,"emergencyLanding":0},"sequenceNumber":3975,"visionFlag":1,"demo":{"controlState":"CTRL_TRANS_GOTOFIX","flyState":"FLYING_OK","batteryPercentage":81,"rotation":{"frontBack":2.953,"pitch":2.953,"theta":2.953,"y":2.953,"leftRight":0.708,"roll":0.708,"phi":0.708,"x":0.708,"clockwise":-63.879,"yaw":-63.879,"psi":-63.879,"z":-63.879},"frontBackDegrees":2.953,"leftRightDegrees":0.708,"clockwiseDegrees":-63.879,"altitude":0,"altitudeMeters":0,"velocity":{"x":16.822751998901367,"y":-13.924972534179688,"z":0},"xVelocity":16.822751998901367,"yVelocity":-13.924972534179688,"zVelocity":0,"frameIndex":0,"detection":{"camera":{"rotation":{"m11":0,"m12":0,"m13":0,"m21":0,"m22":0,"m23":0,"m31":0,"m32":0,"m33":0},"translation":{"x":0,"y":0,"z":0},"type":3},"tagIndex":0},"drone":{"camera":{"rotation":{"m11":-0.48765408992767334,"m12":-0.8729187846183777,"m13":-0.014372529461979866,"m21":0.8715153336524963,"m22":-0.4877097010612488,"m23":0.05099574476480484,"m31":-0.05152475833892822,"m32":0.012342395260930061,"m33":0.9985954165458679},"translation":{"x":-0.0008655861020088196,"y":-2.997206926345825,"z":-239}}}},"visionDetect":{"nbDetected":0,"type":[0,0,0,0],"xc":[0,0,0,0],"yc":[0,0,0,0],"width":[0,0,0,0],"height":[0,0,0,0],"dist":[0,0,0,0],"orientationAngle":[0,0,0,0],"rotation":[{"m11":0,"m12":0,"m13":0,"m21":0,"m22":0,"m23":0,"m31":0,"m32":0,"m33":0},{"m11":0,"m12":0,"m13":0,"m21":0,"m22":0,"m23":0,"m31":0,"m32":0,"m33":0},{"m11":0,"m12":0,"m13":0,"m21":0,"m22":0,"m23":0,"m31":0,"m32":0,"m33":0},{"m11":0,"m12":0,"m13":0,"m21":0,"m22":0,"m23":0,"m31":0,"m32":0,"m33":0}],"translation":[{"x":0,"y":0,"z":0},{"x":0,"y":0,"z":0},{"x":0,"y":0,"z":0},{"x":0,"y":0,"z":0}],"cameraSource":[0,0,0,0]}}},{"event":"telemetry","at":"2015-08-01T01:58:07.392Z","data":{"header":1432778632,"droneState":{"flying":1,"videoEnabled":0,"visionEnabled":1,"controlAlgorithm":0,"altitudeControlAlgorithm":1,"startButtonState":1,"controlCommandAck":0,"cameraReady":1,"travellingEnabled":0,"usbReady":0,"navdataDemo":1,"navdataBootstrap":0,"motorProblem":0,"communicationLost":0,"softwareFault":0,"lowBattery":0,"userEmergencyLanding":0,"timerElapsed":0,"MagnometerNeedsCalibration":0,"anglesOutOfRange":0,"tooMuchWind":0,"ultrasonicSensorDeaf":0,"cutoutDetected":0,"picVersionNumberOk":1,"atCodecThreadOn":1,"navdataThreadOn":1,"videoThreadOn":1,"acquisitionThreadOn":1,"controlWatchdogDelay":0,"adcWatchdogDelay":0,"comWatchdogProblem":0,"emergencyLanding":0},"sequenceNumber":3976,"visionFlag":1,"demo":{"controlState":"CTRL_TRANS_GOTOFIX","flyState":"FLYING_OK","batteryPercentage":81,"rotation":{"frontBack":2.842,"pitch":2.842,"theta":2.842,"y":2.842,"leftRight":0.682,"roll":0.682,"phi":0.682,"x":0.682,"clockwise":-63.889,"yaw":-63.889,"psi":-63.889,"z":-63.889},"frontBackDegrees":2.842,"leftRightDegrees":0.682,"clockwiseDegrees":-63.889,"altitude":0,"altitudeMeters":0,"velocity":{"x":-14.202260971069336,"y":1.2876213788986206,"z":0},"xVelocity":-14.202260971069336,"yVelocity":1.2876213788986206,"zVelocity":0,"frameIndex":0,"detection":{"camera":{"rotation":{"m11":0,"m12":0,"m13":0,"m21":0,"m22":0,"m23":0,"m31":0,"m32":0,"m33":0},"translation":{"x":0,"y":0,"z":0},"type":3},"tagIndex":0},"drone":{"camera":{"rotation":{"m11":-0.48754429817199707,"m12":-0.8729890584945679,"m13":-0.013812856748700142,"m21":0.8716892004013062,"m22":-0.48759496212005615,"m23":0.04908446595072746,"m31":-0.04958528280258179,"m32":0.011890329420566559,"m33":0.9986990690231323},"translation":{"x":-0.3410131335258484,"y":-2.8886563777923584,"z":-239}}}},"visionDetect":{"nbDetected":0,"type":[0,0,0,0],"xc":[0,0,0,0],"yc":[0,0,0,0],"width":[0,0,0,0],"height":[0,0,0,0],"dist":[0,0,0,0],"orientationAngle":[0,0,0,0],"rotation":[{"m11":0,"m12":0,"m13":0,"m21":0,"m22":0,"m23":0,"m31":0,"m32":0,"m33":0},{"m11":0,"m12":0,"m13":0,"m21":0,"m22":0,"m23":0,"m31":0,"m32":0,"m33":0},{"m11":0,"m12":0,"m13":0,"m21":0,"m22":0,"m23":0,"m31":0,"m32":0,"m33":0},{"m11":0,"m12":0,"m13":0,"m21":0,"m22":0,"m23":0,"m31":0,"m32":0,"m33":0}],"translation":[{"x":0,"y":0,"z":0},{"x":0,"y":0,"z":0},{"x":0,"y":0,"z":0},{"x":0,"y":0,"z":0}],"cameraSource":[0,0,0,0]}}},{"event":"telemetry","at":"2015-08-01T01:58:07.392Z","data":{"header":1432778632,"droneState":{"flying":1,"videoEnabled":0,"visionEnabled":1,"controlAlgorithm":0,"altitudeControlAlgorithm":1,"startButtonState":1,"controlCommandAck":0,"cameraReady":1,"travellingEnabled":0,"usbReady":0,"navdataDemo":1,"navdataBootstrap":0,"motorProblem":0,"communicationLost":0,"softwareFault":0,"lowBattery":0,"userEmergencyLanding":0,"timerElapsed":0,"MagnometerNeedsCalibration":0,"anglesOutOfRange":0,"tooMuchWind":0,"ultrasonicSensorDeaf":0,"cutoutDetected":0,"picVersionNumberOk":1,"atCodecThreadOn":1,"navdataThreadOn":1,"videoThreadOn":1,"acquisitionThreadOn":1,"controlWatchdogDelay":0,"adcWatchdogDelay":0,"comWatchdogProblem":0,"emergencyLanding":0},"sequenceNumber":3976,"visionFlag":1,"demo":{"controlState":"CTRL_TRANS_GOTOFIX","flyState":"FLYING_OK","batteryPercentage":81,"rotation":{"frontBack":2.842,"pitch":2.842,"theta":2.842,"y":2.842,"leftRight":0.682,"roll":0.682,"phi":0.682,"x":0.682,"clockwise":-63.889,"yaw":-63.889,"psi":-63.889,"z":-63.889},"frontBackDegrees":2.842,"leftRightDegrees":0.682,"clockwiseDegrees":-63.889,"altitude":0,"altitudeMeters":0,"velocity":{"x":-14.202260971069336,"y":1.2876213788986206,"z":0},"xVelocity":-14.202260971069336,"yVelocity":1.2876213788986206,"zVelocity":0,"frameIndex":0,"detection":{"camera":{"rotation":{"m11":0,"m12":0,"m13":0,"m21":0,"m22":0,"m23":0,"m31":0,"m32":0,"m33":0},"translation":{"x":0,"y":0,"z":0},"type":3},"tagIndex":0},"drone":{"camera":{"rotation":{"m11":-0.48754429817199707,"m12":-0.8729890584945679,"m13":-0.013812856748700142,"m21":0.8716892004013062,"m22":-0.48759496212005615,"m23":0.04908446595072746,"m31":-0.04958528280258179,"m32":0.011890329420566559,"m33":0.9986990690231323},"translation":{"x":-0.3410131335258484,"y":-2.8886563777923584,"z":-239}}}},"visionDetect":{"nbDetected":0,"type":[0,0,0,0],"xc":[0,0,0,0],"yc":[0,0,0,0],"width":[0,0,0,0],"height":[0,0,0,0],"dist":[0,0,0,0],"orientationAngle":[0,0,0,0],"rotation":[{"m11":0,"m12":0,"m13":0,"m21":0,"m22":0,"m23":0,"m31":0,"m32":0,"m33":0},{"m11":0,"m12":0,"m13":0,"m21":0,"m22":0,"m23":0,"m31":0,"m32":0,"m33":0},{"m11":0,"m12":0,"m13":0,"m21":0,"m22":0,"m23":0,"m31":0,"m32":0,"m33":0},{"m11":0,"m12":0,"m13":0,"m21":0,"m22":0,"m23":0,"m31":0,"m32":0,"m33":0}],"translation":[{"x":0,"y":0,"z":0},{"x":0,"y":0,"z":0},{"x":0,"y":0,"z":0},{"x":0,"y":0,"z":0}],"cameraSource":[0,0,0,0]}}},{"event":"telemetry","at":"2015-08-01T01:58:07.458Z","data":{"header":1432778632,"droneState":{"flying":1,"videoEnabled":0,"visionEnabled":1,"controlAlgorithm":0,"altitudeControlAlgorithm":1,"startButtonState":1,"controlCommandAck":0,"cameraReady":1,"travellingEnabled":0,"usbReady":0,"navdataDemo":1,"navdataBootstrap":0,"motorProblem":0,"communicationLost":0,"softwareFault":0,"lowBattery":0,"userEmergencyLanding":0,"timerElapsed":0,"MagnometerNeedsCalibration":0,"anglesOutOfRange":0,"tooMuchWind":0,"ultrasonicSensorDeaf":0,"cutoutDetected":0,"picVersionNumberOk":1,"atCodecThreadOn":1,"navdataThreadOn":1,"videoThreadOn":1,"acquisitionThreadOn":1,"controlWatchdogDelay":0,"adcWatchdogDelay":0,"comWatchdogProblem":0,"emergencyLanding":0},"sequenceNumber":3977,"visionFlag":1,"demo":{"controlState":"CTRL_TRANS_GOTOFIX","flyState":"FLYING_OK","batteryPercentage":81,"rotation":{"frontBack":2.738,"pitch":2.738,"theta":2.738,"y":2.738,"leftRight":0.658,"roll":0.658,"phi":0.658,"x":0.658,"clockwise":-63.9,"yaw":-63.9,"psi":-63.9,"z":-63.9},"frontBackDegrees":2.738,"leftRightDegrees":0.658,"clockwiseDegrees":-63.9,"altitude":0,"altitudeMeters":0,"velocity":{"x":-21.351272583007812,"y":4.755557060241699,"z":0},"xVelocity":-21.351272583007812,"yVelocity":4.755557060241699,"zVelocity":0,"frameIndex":0,"detection":{"camera":{"rotation":{"m11":0,"m12":0,"m13":0,"m21":0,"m22":0,"m23":0,"m31":0,"m32":0,"m33":0},"translation":{"x":0,"y":0,"z":0},"type":3},"tagIndex":0},"drone":{"camera":{"rotation":{"m11":-0.4874227046966553,"m12":-0.8730653524398804,"m13":-0.013280492275953293,"m21":0.8718583583831787,"m22":-0.4874684810638428,"m23":0.04730609804391861,"m31":-0.04777513071894646,"m32":0.011479353532195091,"m33":0.9987921714782715},"translation":{"x":-0.6692120432853699,"y":-1.6898517608642578,"z":-239}}}},"visionDetect":{"nbDetected":0,"type":[0,0,0,0],"xc":[0,0,0,0],"yc":[0,0,0,0],"width":[0,0,0,0],"height":[0,0,0,0],"dist":[0,0,0,0],"orientationAngle":[0,0,0,0],"rotation":[{"m11":0,"m12":0,"m13":0,"m21":0,"m22":0,"m23":0,"m31":0,"m32":0,"m33":0},{"m11":0,"m12":0,"m13":0,"m21":0,"m22":0,"m23":0,"m31":0,"m32":0,"m33":0},{"m11":0,"m12":0,"m13":0,"m21":0,"m22":0,"m23":0,"m31":0,"m32":0,"m33":0},{"m11":0,"m12":0,"m13":0,"m21":0,"m22":0,"m23":0,"m31":0,"m32":0,"m33":0}],"translation":[{"x":0,"y":0,"z":0},{"x":0,"y":0,"z":0},{"x":0,"y":0,"z":0},{"x":0,"y":0,"z":0}],"cameraSource":[0,0,0,0]}}},{"event":"telemetry","at":"2015-08-01T01:58:07.458Z","data":{"header":1432778632,"droneState":{"flying":1,"videoEnabled":0,"visionEnabled":1,"controlAlgorithm":0,"altitudeControlAlgorithm":1,"startButtonState":1,"controlCommandAck":0,"cameraReady":1,"travellingEnabled":0,"usbReady":0,"navdataDemo":1,"navdataBootstrap":0,"motorProblem":0,"communicationLost":0,"softwareFault":0,"lowBattery":0,"userEmergencyLanding":0,"timerElapsed":0,"MagnometerNeedsCalibration":0,"anglesOutOfRange":0,"tooMuchWind":0,"ultrasonicSensorDeaf":0,"cutoutDetected":0,"picVersionNumberOk":1,"atCodecThreadOn":1,"navdataThreadOn":1,"videoThreadOn":1,"acquisitionThreadOn":1,"controlWatchdogDelay":0,"adcWatchdogDelay":0,"comWatchdogProblem":0,"emergencyLanding":0},"sequenceNumber":3977,"visionFlag":1,"demo":{"controlState":"CTRL_TRANS_GOTOFIX","flyState":"FLYING_OK","batteryPercentage":81,"rotation":{"frontBack":2.738,"pitch":2.738,"theta":2.738,"y":2.738,"leftRight":0.658,"roll":0.658,"phi":0.658,"x":0.658,"clockwise":-63.9,"yaw":-63.9,"psi":-63.9,"z":-63.9},"frontBackDegrees":2.738,"leftRightDegrees":0.658,"clockwiseDegrees":-63.9,"altitude":0,"altitudeMeters":0,"velocity":{"x":-21.351272583007812,"y":4.755557060241699,"z":0},"xVelocity":-21.351272583007812,"yVelocity":4.755557060241699,"zVelocity":0,"frameIndex":0,"detection":{"camera":{"rotation":{"m11":0,"m12":0,"m13":0,"m21":0,"m22":0,"m23":0,"m31":0,"m32":0,"m33":0},"translation":{"x":0,"y":0,"z":0},"type":3},"tagIndex":0},"drone":{"camera":{"rotation":{"m11":-0.4874227046966553,"m12":-0.8730653524398804,"m13":-0.013280492275953293,"m21":0.8718583583831787,"m22":-0.4874684810638428,"m23":0.04730609804391861,"m31":-0.04777513071894646,"m32":0.011479353532195091,"m33":0.9987921714782715},"translation":{"x":-0.6692120432853699,"y":-1.6898517608642578,"z":-239}}}},"visionDetect":{"nbDetected":0,"type":[0,0,0,0],"xc":[0,0,0,0],"yc":[0,0,0,0],"width":[0,0,0,0],"height":[0,0,0,0],"dist":[0,0,0,0],"orientationAngle":[0,0,0,0],"rotation":[{"m11":0,"m12":0,"m13":0,"m21":0,"m22":0,"m23":0,"m31":0,"m32":0,"m33":0},{"m11":0,"m12":0,"m13":0,"m21":0,"m22":0,"m23":0,"m31":0,"m32":0,"m33":0},{"m11":0,"m12":0,"m13":0,"m21":0,"m22":0,"m23":0,"m31":0,"m32":0,"m33":0},{"m11":0,"m12":0,"m13":0,"m21":0,"m22":0,"m23":0,"m31":0,"m32":0,"m33":0}],"translation":[{"x":0,"y":0,"z":0},{"x":0,"y":0,"z":0},{"x":0,"y":0,"z":0},{"x":0,"y":0,"z":0}],"cameraSource":[0,0,0,0]}}},{"event":"telemetry","at":"2015-08-01T01:58:07.523Z","data":{"header":1432778632,"droneState":{"flying":1,"videoEnabled":0,"visionEnabled":1,"controlAlgorithm":0,"altitudeControlAlgorithm":1,"startButtonState":1,"controlCommandAck":0,"cameraReady":1,"travellingEnabled":0,"usbReady":0,"navdataDemo":1,"navdataBootstrap":0,"motorProblem":0,"communicationLost":0,"softwareFault":0,"lowBattery":0,"userEmergencyLanding":0,"timerElapsed":0,"MagnometerNeedsCalibration":0,"anglesOutOfRange":0,"tooMuchWind":0,"ultrasonicSensorDeaf":0,"cutoutDetected":0,"picVersionNumberOk":1,"atCodecThreadOn":1,"navdataThreadOn":1,"videoThreadOn":1,"acquisitionThreadOn":1,"controlWatchdogDelay":0,"adcWatchdogDelay":0,"comWatchdogProblem":0,"emergencyLanding":0},"sequenceNumber":3978,"visionFlag":1,"demo":{"controlState":"CTRL_TRANS_GOTOFIX","flyState":"FLYING_OK","batteryPercentage":81,"rotation":{"frontBack":2.631,"pitch":2.631,"theta":2.631,"y":2.631,"leftRight":0.636,"roll":0.636,"phi":0.636,"x":0.636,"clockwise":-63.91,"yaw":-63.91,"psi":-63.91,"z":-63.91},"frontBackDegrees":2.631,"leftRightDegrees":0.636,"clockwiseDegrees":-63.91,"altitude":0,"altitudeMeters":0,"velocity":{"x":-22.874202728271484,"y":5.405444622039795,"z":0},"xVelocity":-22.874202728271484,"yVelocity":5.405444622039795,"zVelocity":0,"frameIndex":0,"detection":{"camera":{"rotation":{"m11":0,"m12":0,"m13":0,"m21":0,"m22":0,"m23":0,"m31":0,"m32":0,"m33":0},"translation":{"x":0,"y":0,"z":0},"type":3},"tagIndex":0},"drone":{"camera":{"rotation":{"m11":-0.4873173236846924,"m12":-0.8731327652931213,"m13":-0.012692620977759361,"m21":0.8720172047615051,"m22":-0.48735612630844116,"m23":0.04549875110387802,"m31":-0.04591227322816849,"m32":0.011104144155979156,"m33":0.9988837838172913},"translation":{"x":-1.0082190036773682,"y":-0.22815431654453278,"z":-239}}}},"visionDetect":{"nbDetected":0,"type":[0,0,0,0],"xc":[0,0,0,0],"yc":[0,0,0,0],"width":[0,0,0,0],"height":[0,0,0,0],"dist":[0,0,0,0],"orientationAngle":[0,0,0,0],"rotation":[{"m11":0,"m12":0,"m13":0,"m21":0,"m22":0,"m23":0,"m31":0,"m32":0,"m33":0},{"m11":0,"m12":0,"m13":0,"m21":0,"m22":0,"m23":0,"m31":0,"m32":0,"m33":0},{"m11":0,"m12":0,"m13":0,"m21":0,"m22":0,"m23":0,"m31":0,"m32":0,"m33":0},{"m11":0,"m12":0,"m13":0,"m21":0,"m22":0,"m23":0,"m31":0,"m32":0,"m33":0}],"translation":[{"x":0,"y":0,"z":0},{"x":0,"y":0,"z":0},{"x":0,"y":0,"z":0},{"x":0,"y":0,"z":0}],"cameraSource":[0,0,0,0]}}},{"event":"telemetry","at":"2015-08-01T01:58:07.523Z","data":{"header":1432778632,"droneState":{"flying":1,"videoEnabled":0,"visionEnabled":1,"controlAlgorithm":0,"altitudeControlAlgorithm":1,"startButtonState":1,"controlCommandAck":0,"cameraReady":1,"travellingEnabled":0,"usbReady":0,"navdataDemo":1,"navdataBootstrap":0,"motorProblem":0,"communicationLost":0,"softwareFault":0,"lowBattery":0,"userEmergencyLanding":0,"timerElapsed":0,"MagnometerNeedsCalibration":0,"anglesOutOfRange":0,"tooMuchWind":0,"ultrasonicSensorDeaf":0,"cutoutDetected":0,"picVersionNumberOk":1,"atCodecThreadOn":1,"navdataThreadOn":1,"videoThreadOn":1,"acquisitionThreadOn":1,"controlWatchdogDelay":0,"adcWatchdogDelay":0,"comWatchdogProblem":0,"emergencyLanding":0},"sequenceNumber":3978,"visionFlag":1,"demo":{"controlState":"CTRL_TRANS_GOTOFIX","flyState":"FLYING_OK","batteryPercentage":81,"rotation":{"frontBack":2.631,"pitch":2.631,"theta":2.631,"y":2.631,"leftRight":0.636,"roll":0.636,"phi":0.636,"x":0.636,"clockwise":-63.91,"yaw":-63.91,"psi":-63.91,"z":-63.91},"frontBackDegrees":2.631,"leftRightDegrees":0.636,"clockwiseDegrees":-63.91,"altitude":0,"altitudeMeters":0,"velocity":{"x":-22.874202728271484,"y":5.405444622039795,"z":0},"xVelocity":-22.874202728271484,"yVelocity":5.405444622039795,"zVelocity":0,"frameIndex":0,"detection":{"camera":{"rotation":{"m11":0,"m12":0,"m13":0,"m21":0,"m22":0,"m23":0,"m31":0,"m32":0,"m33":0},"translation":{"x":0,"y":0,"z":0},"type":3},"tagIndex":0},"drone":{"camera":{"rotation":{"m11":-0.4873173236846924,"m12":-0.8731327652931213,"m13":-0.012692620977759361,"m21":0.8720172047615051,"m22":-0.48735612630844116,"m23":0.04549875110387802,"m31":-0.04591227322816849,"m32":0.011104144155979156,"m33":0.9988837838172913},"translation":{"x":-1.0082190036773682,"y":-0.22815431654453278,"z":-239}}}},"visionDetect":{"nbDetected":0,"type":[0,0,0,0],"xc":[0,0,0,0],"yc":[0,0,0,0],"width":[0,0,0,0],"height":[0,0,0,0],"dist":[0,0,0,0],"orientationAngle":[0,0,0,0],"rotation":[{"m11":0,"m12":0,"m13":0,"m21":0,"m22":0,"m23":0,"m31":0,"m32":0,"m33":0},{"m11":0,"m12":0,"m13":0,"m21":0,"m22":0,"m23":0,"m31":0,"m32":0,"m33":0},{"m11":0,"m12":0,"m13":0,"m21":0,"m22":0,"m23":0,"m31":0,"m32":0,"m33":0},{"m11":0,"m12":0,"m13":0,"m21":0,"m22":0,"m23":0,"m31":0,"m32":0,"m33":0}],"translation":[{"x":0,"y":0,"z":0},{"x":0,"y":0,"z":0},{"x":0,"y":0,"z":0},{"x":0,"y":0,"z":0}],"cameraSource":[0,0,0,0]}}},{"event":"telemetry","at":"2015-08-01T01:58:07.590Z","data":{"header":1432778632,"droneState":{"flying":1,"videoEnabled":0,"visionEnabled":1,"controlAlgorithm":0,"altitudeControlAlgorithm":1,"startButtonState":1,"controlCommandAck":0,"cameraReady":1,"travellingEnabled":0,"usbReady":0,"navdataDemo":1,"navdataBootstrap":0,"motorProblem":0,"communicationLost":0,"softwareFault":0,"lowBattery":0,"userEmergencyLanding":0,"timerElapsed":0,"MagnometerNeedsCalibration":0,"anglesOutOfRange":0,"tooMuchWind":0,"ultrasonicSensorDeaf":0,"cutoutDetected":0,"picVersionNumberOk":1,"atCodecThreadOn":1,"navdataThreadOn":1,"videoThreadOn":1,"acquisitionThreadOn":1,"controlWatchdogDelay":0,"adcWatchdogDelay":0,"comWatchdogProblem":0,"emergencyLanding":0},"sequenceNumber":3979,"visionFlag":1,"demo":{"controlState":"CTRL_TRANS_GOTOFIX","flyState":"FLYING_OK","batteryPercentage":81,"rotation":{"frontBack":2.531,"pitch":2.531,"theta":2.531,"y":2.531,"leftRight":0.62,"roll":0.62,"phi":0.62,"x":0.62,"clockwise":-63.921,"yaw":-63.921,"psi":-63.921,"z":-63.921},"frontBackDegrees":2.531,"leftRightDegrees":0.62,"clockwiseDegrees":-63.921,"altitude":0,"altitudeMeters":0,"velocity":{"x":-22.17266082763672,"y":5.328248023986816,"z":0},"xVelocity":-22.17266082763672,"yVelocity":5.328248023986816,"zVelocity":0,"frameIndex":0,"detection":{"camera":{"rotation":{"m11":0,"m12":0,"m13":0,"m21":0,"m22":0,"m23":0,"m31":0,"m32":0,"m33":0},"translation":{"x":0,"y":0,"z":0},"type":3},"tagIndex":0},"drone":{"camera":{"rotation":{"m11":-0.48718446493148804,"m12":-0.8732156157493591,"m13":-0.012086540460586548,"m21":0.8721815943717957,"m22":-0.4872143268585205,"m23":0.04383714869618416,"m31":-0.04416801407933235,"m32":0.01081511378288269,"m33":0.9989655613899231},"translation":{"x":-1.3474453687667847,"y":1.244821310043335,"z":-239}}}},"visionDetect":{"nbDetected":0,"type":[0,0,0,0],"xc":[0,0,0,0],"yc":[0,0,0,0],"width":[0,0,0,0],"height":[0,0,0,0],"dist":[0,0,0,0],"orientationAngle":[0,0,0,0],"rotation":[{"m11":0,"m12":0,"m13":0,"m21":0,"m22":0,"m23":0,"m31":0,"m32":0,"m33":0},{"m11":0,"m12":0,"m13":0,"m21":0,"m22":0,"m23":0,"m31":0,"m32":0,"m33":0},{"m11":0,"m12":0,"m13":0,"m21":0,"m22":0,"m23":0,"m31":0,"m32":0,"m33":0},{"m11":0,"m12":0,"m13":0,"m21":0,"m22":0,"m23":0,"m31":0,"m32":0,"m33":0}],"translation":[{"x":0,"y":0,"z":0},{"x":0,"y":0,"z":0},{"x":0,"y":0,"z":0},{"x":0,"y":0,"z":0}],"cameraSource":[0,0,0,0]}}},{"event":"telemetry","at":"2015-08-01T01:58:07.590Z","data":{"header":1432778632,"droneState":{"flying":1,"videoEnabled":0,"visionEnabled":1,"controlAlgorithm":0,"altitudeControlAlgorithm":1,"startButtonState":1,"controlCommandAck":0,"cameraReady":1,"travellingEnabled":0,"usbReady":0,"navdataDemo":1,"navdataBootstrap":0,"motorProblem":0,"communicationLost":0,"softwareFault":0,"lowBattery":0,"userEmergencyLanding":0,"timerElapsed":0,"MagnometerNeedsCalibration":0,"anglesOutOfRange":0,"tooMuchWind":0,"ultrasonicSensorDeaf":0,"cutoutDetected":0,"picVersionNumberOk":1,"atCodecThreadOn":1,"navdataThreadOn":1,"videoThreadOn":1,"acquisitionThreadOn":1,"controlWatchdogDelay":0,"adcWatchdogDelay":0,"comWatchdogProblem":0,"emergencyLanding":0},"sequenceNumber":3979,"visionFlag":1,"demo":{"controlState":"CTRL_TRANS_GOTOFIX","flyState":"FLYING_OK","batteryPercentage":81,"rotation":{"frontBack":2.531,"pitch":2.531,"theta":2.531,"y":2.531,"leftRight":0.62,"roll":0.62,"phi":0.62,"x":0.62,"clockwise":-63.921,"yaw":-63.921,"psi":-63.921,"z":-63.921},"frontBackDegrees":2.531,"leftRightDegrees":0.62,"clockwiseDegrees":-63.921,"altitude":0,"altitudeMeters":0,"velocity":{"x":-22.17266082763672,"y":5.328248023986816,"z":0},"xVelocity":-22.17266082763672,"yVelocity":5.328248023986816,"zVelocity":0,"frameIndex":0,"detection":{"camera":{"rotation":{"m11":0,"m12":0,"m13":0,"m21":0,"m22":0,"m23":0,"m31":0,"m32":0,"m33":0},"translation":{"x":0,"y":0,"z":0},"type":3},"tagIndex":0},"drone":{"camera":{"rotation":{"m11":-0.48718446493148804,"m12":-0.8732156157493591,"m13":-0.012086540460586548,"m21":0.8721815943717957,"m22":-0.4872143268585205,"m23":0.04383714869618416,"m31":-0.04416801407933235,"m32":0.01081511378288269,"m33":0.9989655613899231},"translation":{"x":-1.3474453687667847,"y":1.244821310043335,"z":-239}}}},"visionDetect":{"nbDetected":0,"type":[0,0,0,0],"xc":[0,0,0,0],"yc":[0,0,0,0],"width":[0,0,0,0],"height":[0,0,0,0],"dist":[0,0,0,0],"orientationAngle":[0,0,0,0],"rotation":[{"m11":0,"m12":0,"m13":0,"m21":0,"m22":0,"m23":0,"m31":0,"m32":0,"m33":0},{"m11":0,"m12":0,"m13":0,"m21":0,"m22":0,"m23":0,"m31":0,"m32":0,"m33":0},{"m11":0,"m12":0,"m13":0,"m21":0,"m22":0,"m23":0,"m31":0,"m32":0,"m33":0},{"m11":0,"m12":0,"m13":0,"m21":0,"m22":0,"m23":0,"m31":0,"m32":0,"m33":0}],"translation":[{"x":0,"y":0,"z":0},{"x":0,"y":0,"z":0},{"x":0,"y":0,"z":0},{"x":0,"y":0,"z":0}],"cameraSource":[0,0,0,0]}}},{"event":"telemetry","at":"2015-08-01T01:58:07.656Z","data":{"header":1432778632,"droneState":{"flying":1,"videoEnabled":0,"visionEnabled":1,"controlAlgorithm":0,"altitudeControlAlgorithm":1,"startButtonState":1,"controlCommandAck":0,"cameraReady":1,"travellingEnabled":0,"usbReady":0,"navdataDemo":1,"navdataBootstrap":0,"motorProblem":0,"communicationLost":0,"softwareFault":0,"lowBattery":0,"userEmergencyLanding":0,"timerElapsed":0,"MagnometerNeedsCalibration":0,"anglesOutOfRange":0,"tooMuchWind":0,"ultrasonicSensorDeaf":0,"cutoutDetected":0,"picVersionNumberOk":1,"atCodecThreadOn":1,"navdataThreadOn":1,"videoThreadOn":1,"acquisitionThreadOn":1,"controlWatchdogDelay":0,"adcWatchdogDelay":0,"comWatchdogProblem":0,"emergencyLanding":0},"sequenceNumber":3980,"visionFlag":1,"demo":{"controlState":"CTRL_TRANS_GOTOFIX","flyState":"FLYING_OK","batteryPercentage":81,"rotation":{"frontBack":2.44,"pitch":2.44,"theta":2.44,"y":2.44,"leftRight":0.599,"roll":0.599,"phi":0.599,"x":0.599,"clockwise":-63.931,"yaw":-63.931,"psi":-63.931,"z":-63.931},"frontBackDegrees":2.44,"leftRightDegrees":0.599,"clockwiseDegrees":-63.931,"altitude":0,"altitudeMeters":0,"velocity":{"x":-21.226680755615234,"y":5.292520046234131,"z":0},"xVelocity":-21.226680755615234,"yVelocity":5.292520046234131,"zVelocity":0,"frameIndex":0,"detection":{"camera":{"rotation":{"m11":0,"m12":0,"m13":0,"m21":0,"m22":0,"m23":0,"m31":0,"m32":0,"m33":0},"translation":{"x":0,"y":0,"z":0},"type":3},"tagIndex":0},"drone":{"camera":{"rotation":{"m11":-0.4870762825012207,"m12":-0.873282253742218,"m13":-0.011624015867710114,"m21":0.8723207116127014,"m22":-0.48710280656814575,"m23":0.04228086397051811,"m31":-0.042585212737321854,"m32":0.010454129427671432,"m33":0.9990381598472595},"translation":{"x":-1.646817922592163,"y":2.6445937156677246,"z":-239}}}},"visionDetect":{"nbDetected":0,"type":[0,0,0,0],"xc":[0,0,0,0],"yc":[0,0,0,0],"width":[0,0,0,0],"height":[0,0,0,0],"dist":[0,0,0,0],"orientationAngle":[0,0,0,0],"rotation":[{"m11":0,"m12":0,"m13":0,"m21":0,"m22":0,"m23":0,"m31":0,"m32":0,"m33":0},{"m11":0,"m12":0,"m13":0,"m21":0,"m22":0,"m23":0,"m31":0,"m32":0,"m33":0},{"m11":0,"m12":0,"m13":0,"m21":0,"m22":0,"m23":0,"m31":0,"m32":0,"m33":0},{"m11":0,"m12":0,"m13":0,"m21":0,"m22":0,"m23":0,"m31":0,"m32":0,"m33":0}],"translation":[{"x":0,"y":0,"z":0},{"x":0,"y":0,"z":0},{"x":0,"y":0,"z":0},{"x":0,"y":0,"z":0}],"cameraSource":[0,0,0,0]}}},{"event":"telemetry","at":"2015-08-01T01:58:07.656Z","data":{"header":1432778632,"droneState":{"flying":1,"videoEnabled":0,"visionEnabled":1,"controlAlgorithm":0,"altitudeControlAlgorithm":1,"startButtonState":1,"controlCommandAck":0,"cameraReady":1,"travellingEnabled":0,"usbReady":0,"navdataDemo":1,"navdataBootstrap":0,"motorProblem":0,"communicationLost":0,"softwareFault":0,"lowBattery":0,"userEmergencyLanding":0,"timerElapsed":0,"MagnometerNeedsCalibration":0,"anglesOutOfRange":0,"tooMuchWind":0,"ultrasonicSensorDeaf":0,"cutoutDetected":0,"picVersionNumberOk":1,"atCodecThreadOn":1,"navdataThreadOn":1,"videoThreadOn":1,"acquisitionThreadOn":1,"controlWatchdogDelay":0,"adcWatchdogDelay":0,"comWatchdogProblem":0,"emergencyLanding":0},"sequenceNumber":3980,"visionFlag":1,"demo":{"controlState":"CTRL_TRANS_GOTOFIX","flyState":"FLYING_OK","batteryPercentage":81,"rotation":{"frontBack":2.44,"pitch":2.44,"theta":2.44,"y":2.44,"leftRight":0.599,"roll":0.599,"phi":0.599,"x":0.599,"clockwise":-63.931,"yaw":-63.931,"psi":-63.931,"z":-63.931},"frontBackDegrees":2.44,"leftRightDegrees":0.599,"clockwiseDegrees":-63.931,"altitude":0,"altitudeMeters":0,"velocity":{"x":-21.226680755615234,"y":5.292520046234131,"z":0},"xVelocity":-21.226680755615234,"yVelocity":5.292520046234131,"zVelocity":0,"frameIndex":0,"detection":{"camera":{"rotation":{"m11":0,"m12":0,"m13":0,"m21":0,"m22":0,"m23":0,"m31":0,"m32":0,"m33":0},"translation":{"x":0,"y":0,"z":0},"type":3},"tagIndex":0},"drone":{"camera":{"rotation":{"m11":-0.4870762825012207,"m12":-0.873282253742218,"m13":-0.011624015867710114,"m21":0.8723207116127014,"m22":-0.48710280656814575,"m23":0.04228086397051811,"m31":-0.042585212737321854,"m32":0.010454129427671432,"m33":0.9990381598472595},"translation":{"x":-1.646817922592163,"y":2.6445937156677246,"z":-239}}}},"visionDetect":{"nbDetected":0,"type":[0,0,0,0],"xc":[0,0,0,0],"yc":[0,0,0,0],"width":[0,0,0,0],"height":[0,0,0,0],"dist":[0,0,0,0],"orientationAngle":[0,0,0,0],"rotation":[{"m11":0,"m12":0,"m13":0,"m21":0,"m22":0,"m23":0,"m31":0,"m32":0,"m33":0},{"m11":0,"m12":0,"m13":0,"m21":0,"m22":0,"m23":0,"m31":0,"m32":0,"m33":0},{"m11":0,"m12":0,"m13":0,"m21":0,"m22":0,"m23":0,"m31":0,"m32":0,"m33":0},{"m11":0,"m12":0,"m13":0,"m21":0,"m22":0,"m23":0,"m31":0,"m32":0,"m33":0}],"translation":[{"x":0,"y":0,"z":0},{"x":0,"y":0,"z":0},{"x":0,"y":0,"z":0},{"x":0,"y":0,"z":0}],"cameraSource":[0,0,0,0]}}},{"event":"telemetry","at":"2015-08-01T01:58:07.719Z","data":{"header":1432778632,"droneState":{"flying":1,"videoEnabled":0,"visionEnabled":1,"controlAlgorithm":0,"altitudeControlAlgorithm":1,"startButtonState":1,"controlCommandAck":0,"cameraReady":1,"travellingEnabled":0,"usbReady":0,"navdataDemo":1,"navdataBootstrap":0,"motorProblem":0,"communicationLost":0,"softwareFault":0,"lowBattery":0,"userEmergencyLanding":0,"timerElapsed":0,"MagnometerNeedsCalibration":0,"anglesOutOfRange":0,"tooMuchWind":0,"ultrasonicSensorDeaf":0,"cutoutDetected":0,"picVersionNumberOk":1,"atCodecThreadOn":1,"navdataThreadOn":1,"videoThreadOn":1,"acquisitionThreadOn":1,"controlWatchdogDelay":0,"adcWatchdogDelay":0,"comWatchdogProblem":0,"emergencyLanding":0},"sequenceNumber":3981,"visionFlag":1,"demo":{"controlState":"CTRL_TRANS_GOTOFIX","flyState":"FLYING_OK","batteryPercentage":81,"rotation":{"frontBack":2.356,"pitch":2.356,"theta":2.356,"y":2.356,"leftRight":0.581,"roll":0.581,"phi":0.581,"x":0.581,"clockwise":-63.94,"yaw":-63.94,"psi":-63.94,"z":-63.94},"frontBackDegrees":2.356,"leftRightDegrees":0.581,"clockwiseDegrees":-63.94,"altitude":0,"altitudeMeters":0,"velocity":{"x":-19.927579879760742,"y":5.150835037231445,"z":0},"xVelocity":-19.927579879760742,"yVelocity":5.150835037231445,"zVelocity":0,"frameIndex":0,"detection":{"camera":{"rotation":{"m11":0,"m12":0,"m13":0,"m21":0,"m22":0,"m23":0,"m31":0,"m32":0,"m33":0},"translation":{"x":0,"y":0,"z":0},"type":3},"tagIndex":0},"drone":{"camera":{"rotation":{"m11":-0.48695820569992065,"m12":-0.873353898525238,"m13":-0.011176246218383312,"m21":0.8724570870399475,"m22":-0.4869809150695801,"m23":0.04084703326225281,"m31":-0.04111652821302414,"m32":0.01013999991118908,"m33":0.9991028904914856},"translation":{"x":-1.9292500019073486,"y":3.9938671588897705,"z":-239}}}},"visionDetect":{"nbDetected":0,"type":[0,0,0,0],"xc":[0,0,0,0],"yc":[0,0,0,0],"width":[0,0,0,0],"height":[0,0,0,0],"dist":[0,0,0,0],"orientationAngle":[0,0,0,0],"rotation":[{"m11":0,"m12":0,"m13":0,"m21":0,"m22":0,"m23":0,"m31":0,"m32":0,"m33":0},{"m11":0,"m12":0,"m13":0,"m21":0,"m22":0,"m23":0,"m31":0,"m32":0,"m33":0},{"m11":0,"m12":0,"m13":0,"m21":0,"m22":0,"m23":0,"m31":0,"m32":0,"m33":0},{"m11":0,"m12":0,"m13":0,"m21":0,"m22":0,"m23":0,"m31":0,"m32":0,"m33":0}],"translation":[{"x":0,"y":0,"z":0},{"x":0,"y":0,"z":0},{"x":0,"y":0,"z":0},{"x":0,"y":0,"z":0}],"cameraSource":[0,0,0,0]}}},{"event":"telemetry","at":"2015-08-01T01:58:07.719Z","data":{"header":1432778632,"droneState":{"flying":1,"videoEnabled":0,"visionEnabled":1,"controlAlgorithm":0,"altitudeControlAlgorithm":1,"startButtonState":1,"controlCommandAck":0,"cameraReady":1,"travellingEnabled":0,"usbReady":0,"navdataDemo":1,"navdataBootstrap":0,"motorProblem":0,"communicationLost":0,"softwareFault":0,"lowBattery":0,"userEmergencyLanding":0,"timerElapsed":0,"MagnometerNeedsCalibration":0,"anglesOutOfRange":0,"tooMuchWind":0,"ultrasonicSensorDeaf":0,"cutoutDetected":0,"picVersionNumberOk":1,"atCodecThreadOn":1,"navdataThreadOn":1,"videoThreadOn":1,"acquisitionThreadOn":1,"controlWatchdogDelay":0,"adcWatchdogDelay":0,"comWatchdogProblem":0,"emergencyLanding":0},"sequenceNumber":3981,"visionFlag":1,"demo":{"controlState":"CTRL_TRANS_GOTOFIX","flyState":"FLYING_OK","batteryPercentage":81,"rotation":{"frontBack":2.356,"pitch":2.356,"theta":2.356,"y":2.356,"leftRight":0.581,"roll":0.581,"phi":0.581,"x":0.581,"clockwise":-63.94,"yaw":-63.94,"psi":-63.94,"z":-63.94},"frontBackDegrees":2.356,"leftRightDegrees":0.581,"clockwiseDegrees":-63.94,"altitude":0,"altitudeMeters":0,"velocity":{"x":-19.927579879760742,"y":5.150835037231445,"z":0},"xVelocity":-19.927579879760742,"yVelocity":5.150835037231445,"zVelocity":0,"frameIndex":0,"detection":{"camera":{"rotation":{"m11":0,"m12":0,"m13":0,"m21":0,"m22":0,"m23":0,"m31":0,"m32":0,"m33":0},"translation":{"x":0,"y":0,"z":0},"type":3},"tagIndex":0},"drone":{"camera":{"rotation":{"m11":-0.48695820569992065,"m12":-0.873353898525238,"m13":-0.011176246218383312,"m21":0.8724570870399475,"m22":-0.4869809150695801,"m23":0.04084703326225281,"m31":-0.04111652821302414,"m32":0.01013999991118908,"m33":0.9991028904914856},"translation":{"x":-1.9292500019073486,"y":3.9938671588897705,"z":-239}}}},"visionDetect":{"nbDetected":0,"type":[0,0,0,0],"xc":[0,0,0,0],"yc":[0,0,0,0],"width":[0,0,0,0],"height":[0,0,0,0],"dist":[0,0,0,0],"orientationAngle":[0,0,0,0],"rotation":[{"m11":0,"m12":0,"m13":0,"m21":0,"m22":0,"m23":0,"m31":0,"m32":0,"m33":0},{"m11":0,"m12":0,"m13":0,"m21":0,"m22":0,"m23":0,"m31":0,"m32":0,"m33":0},{"m11":0,"m12":0,"m13":0,"m21":0,"m22":0,"m23":0,"m31":0,"m32":0,"m33":0},{"m11":0,"m12":0,"m13":0,"m21":0,"m22":0,"m23":0,"m31":0,"m32":0,"m33":0}],"translation":[{"x":0,"y":0,"z":0},{"x":0,"y":0,"z":0},{"x":0,"y":0,"z":0},{"x":0,"y":0,"z":0}],"cameraSource":[0,0,0,0]}}},{"event":"telemetry","at":"2015-08-01T01:58:07.783Z","data":{"header":1432778632,"droneState":{"flying":1,"videoEnabled":0,"visionEnabled":1,"controlAlgorithm":0,"altitudeControlAlgorithm":1,"startButtonState":1,"controlCommandAck":0,"cameraReady":1,"travellingEnabled":0,"usbReady":0,"navdataDemo":1,"navdataBootstrap":0,"motorProblem":0,"communicationLost":0,"softwareFault":0,"lowBattery":0,"userEmergencyLanding":0,"timerElapsed":0,"MagnometerNeedsCalibration":0,"anglesOutOfRange":0,"tooMuchWind":0,"ultrasonicSensorDeaf":0,"cutoutDetected":0,"picVersionNumberOk":1,"atCodecThreadOn":1,"navdataThreadOn":1,"videoThreadOn":1,"acquisitionThreadOn":1,"controlWatchdogDelay":0,"adcWatchdogDelay":0,"comWatchdogProblem":0,"emergencyLanding":0},"sequenceNumber":3982,"visionFlag":1,"demo":{"controlState":"CTRL_TRANS_GOTOFIX","flyState":"FLYING_OK","batteryPercentage":81,"rotation":{"frontBack":2.268,"pitch":2.268,"theta":2.268,"y":2.268,"leftRight":0.613,"roll":0.613,"phi":0.613,"x":0.613,"clockwise":-63.982,"yaw":-63.982,"psi":-63.982,"z":-63.982},"frontBackDegrees":2.268,"leftRightDegrees":0.613,"clockwiseDegrees":-63.982,"altitude":0,"altitudeMeters":0,"velocity":{"x":-18.852941513061523,"y":4.246270179748535,"z":0},"xVelocity":-18.852941513061523,"yVelocity":4.246270179748535,"zVelocity":0,"frameIndex":0,"detection":{"camera":{"rotation":{"m11":0,"m12":0,"m13":0,"m21":0,"m22":0,"m23":0,"m31":0,"m32":0,"m33":0},"translation":{"x":0,"y":0,"z":0},"type":3},"tagIndex":0},"drone":{"camera":{"rotation":{"m11":-0.48634666204452515,"m12":-0.8737096786499023,"m13":-0.009916156530380249,"m21":0.8728690147399902,"m22":-0.48633021116256714,"m23":0.039781536906957626,"m31":-0.03958003968000412,"m32":0.010692112147808075,"m33":0.9991592168807983},"translation":{"x":-2.190549850463867,"y":5.277039527893066,"z":-239}}}},"visionDetect":{"nbDetected":0,"type":[0,0,0,0],"xc":[0,0,0,0],"yc":[0,0,0,0],"width":[0,0,0,0],"height":[0,0,0,0],"dist":[0,0,0,0],"orientationAngle":[0,0,0,0],"rotation":[{"m11":0,"m12":0,"m13":0,"m21":0,"m22":0,"m23":0,"m31":0,"m32":0,"m33":0},{"m11":0,"m12":0,"m13":0,"m21":0,"m22":0,"m23":0,"m31":0,"m32":0,"m33":0},{"m11":0,"m12":0,"m13":0,"m21":0,"m22":0,"m23":0,"m31":0,"m32":0,"m33":0},{"m11":0,"m12":0,"m13":0,"m21":0,"m22":0,"m23":0,"m31":0,"m32":0,"m33":0}],"translation":[{"x":0,"y":0,"z":0},{"x":0,"y":0,"z":0},{"x":0,"y":0,"z":0},{"x":0,"y":0,"z":0}],"cameraSource":[0,0,0,0]}}},{"event":"telemetry","at":"2015-08-01T01:58:07.783Z","data":{"header":1432778632,"droneState":{"flying":1,"videoEnabled":0,"visionEnabled":1,"controlAlgorithm":0,"altitudeControlAlgorithm":1,"startButtonState":1,"controlCommandAck":0,"cameraReady":1,"travellingEnabled":0,"usbReady":0,"navdataDemo":1,"navdataBootstrap":0,"motorProblem":0,"communicationLost":0,"softwareFault":0,"lowBattery":0,"userEmergencyLanding":0,"timerElapsed":0,"MagnometerNeedsCalibration":0,"anglesOutOfRange":0,"tooMuchWind":0,"ultrasonicSensorDeaf":0,"cutoutDetected":0,"picVersionNumberOk":1,"atCodecThreadOn":1,"navdataThreadOn":1,"videoThreadOn":1,"acquisitionThreadOn":1,"controlWatchdogDelay":0,"adcWatchdogDelay":0,"comWatchdogProblem":0,"emergencyLanding":0},"sequenceNumber":3982,"visionFlag":1,"demo":{"controlState":"CTRL_TRANS_GOTOFIX","flyState":"FLYING_OK","batteryPercentage":81,"rotation":{"frontBack":2.268,"pitch":2.268,"theta":2.268,"y":2.268,"leftRight":0.613,"roll":0.613,"phi":0.613,"x":0.613,"clockwise":-63.982,"yaw":-63.982,"psi":-63.982,"z":-63.982},"frontBackDegrees":2.268,"leftRightDegrees":0.613,"clockwiseDegrees":-63.982,"altitude":0,"altitudeMeters":0,"velocity":{"x":-18.852941513061523,"y":4.246270179748535,"z":0},"xVelocity":-18.852941513061523,"yVelocity":4.246270179748535,"zVelocity":0,"frameIndex":0,"detection":{"camera":{"rotation":{"m11":0,"m12":0,"m13":0,"m21":0,"m22":0,"m23":0,"m31":0,"m32":0,"m33":0},"translation":{"x":0,"y":0,"z":0},"type":3},"tagIndex":0},"drone":{"camera":{"rotation":{"m11":-0.48634666204452515,"m12":-0.8737096786499023,"m13":-0.009916156530380249,"m21":0.8728690147399902,"m22":-0.48633021116256714,"m23":0.039781536906957626,"m31":-0.03958003968000412,"m32":0.010692112147808075,"m33":0.9991592168807983},"translation":{"x":-2.190549850463867,"y":5.277039527893066,"z":-239}}}},"visionDetect":{"nbDetected":0,"type":[0,0,0,0],"xc":[0,0,0,0],"yc":[0,0,0,0],"width":[0,0,0,0],"height":[0,0,0,0],"dist":[0,0,0,0],"orientationAngle":[0,0,0,0],"rotation":[{"m11":0,"m12":0,"m13":0,"m21":0,"m22":0,"m23":0,"m31":0,"m32":0,"m33":0},{"m11":0,"m12":0,"m13":0,"m21":0,"m22":0,"m23":0,"m31":0,"m32":0,"m33":0},{"m11":0,"m12":0,"m13":0,"m21":0,"m22":0,"m23":0,"m31":0,"m32":0,"m33":0},{"m11":0,"m12":0,"m13":0,"m21":0,"m22":0,"m23":0,"m31":0,"m32":0,"m33":0}],"translation":[{"x":0,"y":0,"z":0},{"x":0,"y":0,"z":0},{"x":0,"y":0,"z":0},{"x":0,"y":0,"z":0}],"cameraSource":[0,0,0,0]}}},{"event":"telemetry","at":"2015-08-01T01:58:07.849Z","data":{"header":1432778632,"droneState":{"flying":1,"videoEnabled":0,"visionEnabled":1,"controlAlgorithm":0,"altitudeControlAlgorithm":1,"startButtonState":1,"controlCommandAck":0,"cameraReady":1,"travellingEnabled":0,"usbReady":0,"navdataDemo":1,"navdataBootstrap":0,"motorProblem":0,"communicationLost":0,"softwareFault":0,"lowBattery":0,"userEmergencyLanding":0,"timerElapsed":0,"MagnometerNeedsCalibration":0,"anglesOutOfRange":0,"tooMuchWind":0,"ultrasonicSensorDeaf":0,"cutoutDetected":0,"picVersionNumberOk":1,"atCodecThreadOn":1,"navdataThreadOn":1,"videoThreadOn":1,"acquisitionThreadOn":1,"controlWatchdogDelay":0,"adcWatchdogDelay":0,"comWatchdogProblem":0,"emergencyLanding":0},"sequenceNumber":3983,"visionFlag":1,"demo":{"controlState":"CTRL_TRANS_GOTOFIX","flyState":"FLYING_OK","batteryPercentage":81,"rotation":{"frontBack":2.199,"pitch":2.199,"theta":2.199,"y":2.199,"leftRight":0.523,"roll":0.523,"phi":0.523,"x":0.523,"clockwise":-63.935,"yaw":-63.935,"psi":-63.935,"z":-63.935},"frontBackDegrees":2.199,"leftRightDegrees":0.523,"clockwise