{
"start": "Sat Aug 01 2015 01:40:25 GMT-0700 (PDT)",
"flight": [
{"event":"command","at":"2015-08-01T08:40:25.318Z","data":{"kind":"primary","duration":10000,"commandSelect":"takeoff"}},{"event":"telemetry","at":"2015-08-01T08:40:25.380Z","data":{"header":1432778632,"droneState":{"flying":1,"videoEnabled":0,"visionEnabled":1,"controlAlgorithm":0,"altitudeControlAlgorithm":1,"startButtonState":1,"controlCommandAck":0,"cameraReady":1,"travellingEnabled":0,"usbReady":0,"navdataDemo":1,"navdataBootstrap":0,"motorProblem":0,"communicationLost":0,"softwareFault":0,"lowBattery":0,"userEmergencyLanding":0,"timerElapsed":0,"MagnometerNeedsCalibration":0,"anglesOutOfRange":0,"tooMuchWind":0,"ultrasonicSensorDeaf":0,"cutoutDetected":0,"picVersionNumberOk":1,"atCodecThreadOn":1,"navdataThreadOn":1,"videoThreadOn":1,"acquisitionThreadOn":1,"controlWatchdogDelay":0,"adcWatchdogDelay":0,"comWatchdogProblem":0,"emergencyLanding":0},"sequenceNumber":11634,"visionFlag":1,"demo":{"controlState":"CTRL_TRANS_GOTOFIX","flyState":"FLYING_OK","batteryPercentage":28,"rotation":{"frontBack":-0.275,"pitch":-0.275,"theta":-0.275,"y":-0.275,"leftRight":0.944,"roll":0.944,"phi":0.944,"x":0.944,"clockwise":-11.816,"yaw":-11.816,"psi":-11.816,"z":-11.816},"frontBackDegrees":-0.275,"leftRightDegrees":0.944,"clockwiseDegrees":-11.816,"altitude":0,"altitudeMeters":0,"velocity":{"x":1.3497987985610962,"y":4.354128360748291,"z":0},"xVelocity":1.3497987985610962,"yVelocity":4.354128360748291,"zVelocity":0,"frameIndex":0,"detection":{"camera":{"rotation":{"m11":0,"m12":0,"m13":0,"m21":0,"m22":0,"m23":0,"m31":0,"m32":0,"m33":0},"translation":{"x":0,"y":0,"z":0},"type":3},"tagIndex":0},"drone":{"camera":{"rotation":{"m11":0.7959001064300537,"m12":0.6052706241607666,"m13":-0.013800986111164093,"m21":-0.6054089069366455,"m22":0.795849084854126,"m23":-0.010210465639829636,"m31":0.004803407937288284,"m32":0.016481749713420868,"m33":0.9998526573181152},"translation":{"x":-0.6464259624481201,"y":-1.7768045663833618,"z":0}}}},"visionDetect":{"nbDetected":0,"type":[0,0,0,0],"xc":[0,0,0,0],"yc":[0,0,0,0],"width":[0,0,0,0],"height":[0,0,0,0],"dist":[0,0,0,0],"orientationAngle":[0,0,0,0],"rotation":[{"m11":0,"m12":0,"m13":0,"m21":0,"m22":0,"m23":0,"m31":0,"m32":0,"m33":0},{"m11":0,"m12":0,"m13":0,"m21":0,"m22":0,"m23":0,"m31":0,"m32":0,"m33":0},{"m11":0,"m12":0,"m13":0,"m21":0,"m22":0,"m23":0,"m31":0,"m32":0,"m33":0},{"m11":0,"m12":0,"m13":0,"m21":0,"m22":0,"m23":0,"m31":0,"m32":0,"m33":0}],"translation":[{"x":0,"y":0,"z":0},{"x":0,"y":0,"z":0},{"x":0,"y":0,"z":0},{"x":0,"y":0,"z":0}],"cameraSource":[0,0,0,0]}}},{"event":"telemetry","at":"2015-08-01T08:40:25.437Z","data":{"header":1432778632,"droneState":{"flying":1,"videoEnabled":0,"visionEnabled":1,"controlAlgorithm":0,"altitudeControlAlgorithm":1,"startButtonState":1,"controlCommandAck":0,"cameraReady":1,"travellingEnabled":0,"usbReady":0,"navdataDemo":1,"navdataBootstrap":0,"motorProblem":0,"communicationLost":0,"softwareFault":0,"lowBattery":0,"userEmergencyLanding":0,"timerElapsed":0,"MagnometerNeedsCalibration":0,"anglesOutOfRange":0,"tooMuchWind":0,"ultrasonicSensorDeaf":0,"cutoutDetected":0,"picVersionNumberOk":1,"atCodecThreadOn":1,"navdataThreadOn":1,"videoThreadOn":1,"acquisitionThreadOn":1,"controlWatchdogDelay":0,"adcWatchdogDelay":0,"comWatchdogProblem":0,"emergencyLanding":0},"sequenceNumber":11635,"visionFlag":1,"demo":{"controlState":"CTRL_TRANS_GOTOFIX","flyState":"FLYING_OK","batteryPercentage":28,"rotation":{"frontBack":-0.268,"pitch":-0.268,"theta":-0.268,"y":-0.268,"leftRight":0.914,"roll":0.914,"phi":0.914,"x":0.914,"clockwise":-11.82,"yaw":-11.82,"psi":-11.82,"z":-11.82},"frontBackDegrees":-0.268,"leftRightDegrees":0.914,"clockwiseDegrees":-11.82,"altitude":0,"altitudeMeters":0,"velocity":{"x":1.74611496925354,"y":6.876377105712891,"z":0},"xVelocity":1.74611496925354,"yVelocity":6.876377105712891,"zVelocity":0,"frameIndex":0,"detection":{"camera":{"rotation":{"m11":0,"m12":0,"m13":0,"m21":0,"m22":0,"m23":0,"m31":0,"m32":0,"m33":0},"translation":{"x":0,"y":0,"z":0},"type":3},"tagIndex":0},"drone":{"camera":{"rotation":{"m11":0.7958568334579468,"m12":0.6053367257118225,"m13":-0.013395768590271473,"m21":-0.6054667830467224,"m22":0.7958095073699951,"m23":-0.009860504418611526,"m31":0.004691555164754391,"m32":0.015958242118358612,"m33":0.9998616576194763},"translation":{"x":-0.4547745883464813,"y":-1.420623779296875,"z":0}}}},"visionDetect":{"nbDetected":0,"type":[0,0,0,0],"xc":[0,0,0,0],"yc":[0,0,0,0],"width":[0,0,0,0],"height":[0,0,0,0],"dist":[0,0,0,0],"orientationAngle":[0,0,0,0],"rotation":[{"m11":0,"m12":0,"m13":0,"m21":0,"m22":0,"m23":0,"m31":0,"m32":0,"m33":0},{"m11":0,"m12":0,"m13":0,"m21":0,"m22":0,"m23":0,"m31":0,"m32":0,"m33":0},{"m11":0,"m12":0,"m13":0,"m21":0,"m22":0,"m23":0,"m31":0,"m32":0,"m33":0},{"m11":0,"m12":0,"m13":0,"m21":0,"m22":0,"m23":0,"m31":0,"m32":0,"m33":0}],"translation":[{"x":0,"y":0,"z":0},{"x":0,"y":0,"z":0},{"x":0,"y":0,"z":0},{"x":0,"y":0,"z":0}],"cameraSource":[0,0,0,0]}}},{"event":"telemetry","at":"2015-08-01T08:40:25.501Z","data":{"header":1432778632,"droneState":{"flying":1,"videoEnabled":0,"visionEnabled":1,"controlAlgorithm":0,"altitudeControlAlgorithm":1,"startButtonState":1,"controlCommandAck":0,"cameraReady":1,"travellingEnabled":0,"usbReady":0,"navdataDemo":1,"navdataBootstrap":0,"motorProblem":0,"communicationLost":0,"softwareFault":0,"lowBattery":0,"userEmergencyLanding":0,"timerElapsed":0,"MagnometerNeedsCalibration":0,"anglesOutOfRange":0,"tooMuchWind":0,"ultrasonicSensorDeaf":0,"cutoutDetected":0,"picVersionNumberOk":1,"atCodecThreadOn":1,"navdataThreadOn":1,"videoThreadOn":1,"acquisitionThreadOn":1,"controlWatchdogDelay":0,"adcWatchdogDelay":0,"comWatchdogProblem":0,"emergencyLanding":0},"sequenceNumber":11636,"visionFlag":1,"demo":{"controlState":"CTRL_TRANS_GOTOFIX","flyState":"FLYING_OK","batteryPercentage":28,"rotation":{"frontBack":-0.262,"pitch":-0.262,"theta":-0.262,"y":-0.262,"leftRight":0.877,"roll":0.877,"phi":0.877,"x":0.877,"clockwise":-11.825,"yaw":-11.825,"psi":-11.825,"z":-11.825},"frontBackDegrees":-0.262,"leftRightDegrees":0.877,"clockwiseDegrees":-11.825,"altitude":0,"altitudeMeters":0,"velocity":{"x":1.8626582622528076,"y":7.981184959411621,"z":0},"xVelocity":1.8626582622528076,"yVelocity":7.981184959411621,"zVelocity":0,"frameIndex":0,"detection":{"camera":{"rotation":{"m11":0,"m12":0,"m13":0,"m21":0,"m22":0,"m23":0,"m31":0,"m32":0,"m33":0},"translation":{"x":0,"y":0,"z":0},"type":3},"tagIndex":0},"drone":{"camera":{"rotation":{"m11":0.7958057522773743,"m12":0.605414092540741,"m13":-0.012921527028083801,"m21":-0.6055346131324768,"m22":0.795763373374939,"m23":-0.00940906535834074,"m31":0.004586097318679094,"m32":0.015312219969928265,"m33":0.9998722672462463},"translation":{"x":-0.22982974350452423,"y":-0.9694838523864746,"z":0}}}},"visionDetect":{"nbDetected":0,"type":[0,0,0,0],"xc":[0,0,0,0],"yc":[0,0,0,0],"width":[0,0,0,0],"height":[0,0,0,0],"dist":[0,0,0,0],"orientationAngle":[0,0,0,0],"rotation":[{"m11":0,"m12":0,"m13":0,"m21":0,"m22":0,"m23":0,"m31":0,"m32":0,"m33":0},{"m11":0,"m12":0,"m13":0,"m21":0,"m22":0,"m23":0,"m31":0,"m32":0,"m33":0},{"m11":0,"m12":0,"m13":0,"m21":0,"m22":0,"m23":0,"m31":0,"m32":0,"m33":0},{"m11":0,"m12":0,"m13":0,"m21":0,"m22":0,"m23":0,"m31":0,"m32":0,"m33":0}],"translation":[{"x":0,"y":0,"z":0},{"x":0,"y":0,"z":0},{"x":0,"y":0,"z":0},{"x":0,"y":0,"z":0}],"cameraSource":[0,0,0,0]}}},{"event":"telemetry","at":"2015-08-01T08:40:25.564Z","data":{"header":1432778632,"droneState":{"flying":1,"videoEnabled":0,"visionEnabled":1,"controlAlgorithm":0,"altitudeControlAlgorithm":1,"startButtonState":1,"controlCommandAck":0,"cameraReady":1,"travellingEnabled":0,"usbReady":0,"navdataDemo":1,"navdataBootstrap":0,"motorProblem":0,"communicationLost":0,"softwareFault":0,"lowBattery":0,"userEmergencyLanding":0,"timerElapsed":0,"MagnometerNeedsCalibration":0,"anglesOutOfRange":0,"tooMuchWind":0,"ultrasonicSensorDeaf":0,"cutoutDetected":0,"picVersionNumberOk":1,"atCodecThreadOn":1,"navdataThreadOn":1,"videoThreadOn":1,"acquisitionThreadOn":1,"controlWatchdogDelay":0,"adcWatchdogDelay":0,"comWatchdogProblem":0,"emergencyLanding":0},"sequenceNumber":11637,"visionFlag":1,"demo":{"controlState":"CTRL_TRANS_GOTOFIX","flyState":"FLYING_OK","batteryPercentage":28,"rotation":{"frontBack":-0.25,"pitch":-0.25,"theta":-0.25,"y":-0.25,"leftRight":0.838,"roll":0.838,"phi":0.838,"x":0.838,"clockwise":-11.828,"yaw":-11.828,"psi":-11.828,"z":-11.828},"frontBackDegrees":-0.25,"leftRightDegrees":0.838,"clockwiseDegrees":-11.828,"altitude":0,"altitudeMeters":0,"velocity":{"x":2.212104082107544,"y":8.1893310546875,"z":0},"xVelocity":2.212104082107544,"yVelocity":8.1893310546875,"zVelocity":0,"frameIndex":0,"detection":{"camera":{"rotation":{"m11":0,"m12":0,"m13":0,"m21":0,"m22":0,"m23":0,"m31":0,"m32":0,"m33":0},"translation":{"x":0,"y":0,"z":0},"type":3},"tagIndex":0},"drone":{"camera":{"rotation":{"m11":0.7957706451416016,"m12":0.6054723262786865,"m13":-0.012347254902124405,"m21":-0.6055823564529419,"m22":0.7957317233085632,"m23":-0.00900177750736475,"m31":0.004374777432531118,"m32":0.014640630222856998,"m33":0.999883234500885},"translation":{"x":0.01052822545170784,"y":-0.47583287954330444,"z":0}}}},"visionDetect":{"nbDetected":0,"type":[0,0,0,0],"xc":[0,0,0,0],"yc":[0,0,0,0],"width":[0,0,0,0],"height":[0,0,0,0],"dist":[0,0,0,0],"orientationAngle":[0,0,0,0],"rotation":[{"m11":0,"m12":0,"m13":0,"m21":0,"m22":0,"m23":0,"m31":0,"m32":0,"m33":0},{"m11":0,"m12":0,"m13":0,"m21":0,"m22":0,"m23":0,"m31":0,"m32":0,"m33":0},{"m11":0,"m12":0,"m13":0,"m21":0,"m22":0,"m23":0,"m31":0,"m32":0,"m33":0},{"m11":0,"m12":0,"m13":0,"m21":0,"m22":0,"m23":0,"m31":0,"m32":0,"m33":0}],"translation":[{"x":0,"y":0,"z":0},{"x":0,"y":0,"z":0},{"x":0,"y":0,"z":0},{"x":0,"y":0,"z":0}],"cameraSource":[0,0,0,0]}}},{"event":"telemetry","at":"2015-08-01T08:40:25.640Z","data":{"header":1432778632,"droneState":{"flying":1,"videoEnabled":0,"visionEnabled":1,"controlAlgorithm":0,"altitudeControlAlgorithm":1,"startButtonState":1,"controlCommandAck":0,"cameraReady":1,"travellingEnabled":0,"usbReady":0,"navdataDemo":1,"navdataBootstrap":0,"motorProblem":0,"communicationLost":0,"softwareFault":0,"lowBattery":0,"userEmergencyLanding":0,"timerElapsed":0,"MagnometerNeedsCalibration":0,"anglesOutOfRange":0,"tooMuchWind":0,"ultrasonicSensorDeaf":0,"cutoutDetected":0,"picVersionNumberOk":1,"atCodecThreadOn":1,"navdataThreadOn":1,"videoThreadOn":1,"acquisitionThreadOn":1,"controlWatchdogDelay":0,"adcWatchdogDelay":0,"comWatchdogProblem":0,"emergencyLanding":0},"sequenceNumber":11638,"visionFlag":1,"demo":{"controlState":"CTRL_TRANS_GOTOFIX","flyState":"FLYING_OK","batteryPercentage":28,"rotation":{"frontBack":-0.24,"pitch":-0.24,"theta":-0.24,"y":-0.24,"leftRight":0.808,"roll":0.808,"phi":0.808,"x":0.808,"clockwise":-11.832,"yaw":-11.832,"psi":-11.832,"z":-11.832},"frontBackDegrees":-0.24,"leftRightDegrees":0.808,"clockwiseDegrees":-11.832,"altitude":0,"altitudeMeters":0,"velocity":{"x":2.2254714965820312,"y":7.603192329406738,"z":0},"xVelocity":2.2254714965820312,"yVelocity":7.603192329406738,"zVelocity":0,"frameIndex":0,"detection":{"camera":{"rotation":{"m11":0,"m12":0,"m13":0,"m21":0,"m22":0,"m23":0,"m31":0,"m32":0,"m33":0},"translation":{"x":0,"y":0,"z":0},"type":3},"tagIndex":0},"drone":{"camera":{"rotation":{"m11":0.7957266569137573,"m12":0.6055391430854797,"m13":-0.011891070753335953,"m21":-0.6056413054466248,"m22":0.7956904172897339,"m23":-0.008681226521730423,"m31":0.00420478917658329,"m32":0.01410960778594017,"m33":0.9998916387557983},"translation":{"x":0.2565878629684448,"y":-0.009846344590187073,"z":0}}}},"visionDetect":{"nbDetected":0,"type":[0,0,0,0],"xc":[0,0,0,0],"yc":[0,0,0,0],"width":[0,0,0,0],"height":[0,0,0,0],"dist":[0,0,0,0],"orientationAngle":[0,0,0,0],"rotation":[{"m11":0,"m12":0,"m13":0,"m21":0,"m22":0,"m23":0,"m31":0,"m32":0,"m33":0},{"m11":0,"m12":0,"m13":0,"m21":0,"m22":0,"m23":0,"m31":0,"m32":0,"m33":0},{"m11":0,"m12":0,"m13":0,"m21":0,"m22":0,"m23":0,"m31":0,"m32":0,"m33":0},{"m11":0,"m12":0,"m13":0,"m21":0,"m22":0,"m23":0,"m31":0,"m32":0,"m33":0}],"translation":[{"x":0,"y":0,"z":0},{"x":0,"y":0,"z":0},{"x":0,"y":0,"z":0},{"x":0,"y":0,"z":0}],"cameraSource":[0,0,0,0]}}},{"event":"telemetry","at":"2015-08-01T08:40:25.694Z","data":{"header":1432778632,"droneState":{"flying":1,"videoEnabled":0,"visionEnabled":1,"controlAlgorithm":0,"altitudeControlAlgorithm":1,"startButtonState":1,"controlCommandAck":0,"cameraReady":1,"travellingEnabled":0,"usbReady":0,"navdataDemo":1,"navdataBootstrap":0,"motorProblem":0,"communicationLost":0,"softwareFault":0,"lowBattery":0,"userEmergencyLanding":0,"timerElapsed":0,"MagnometerNeedsCalibration":0,"anglesOutOfRange":0,"tooMuchWind":0,"ultrasonicSensorDeaf":0,"cutoutDetected":0,"picVersionNumberOk":1,"atCodecThreadOn":1,"navdataThreadOn":1,"videoThreadOn":1,"acquisitionThreadOn":1,"controlWatchdogDelay":0,"adcWatchdogDelay":0,"comWatchdogProblem":0,"emergencyLanding":0},"sequenceNumber":11639,"visionFlag":1,"demo":{"controlState":"CTRL_TRANS_GOTOFIX","flyState":"FLYING_OK","batteryPercentage":28,"rotation":{"frontBack":-0.241,"pitch":-0.241,"theta":-0.241,"y":-0.241,"leftRight":0.777,"roll":0.777,"phi":0.777,"x":0.777,"clockwise":-11.836,"yaw":-11.836,"psi":-11.836,"z":-11.836},"frontBackDegrees":-0.241,"leftRightDegrees":0.777,"clockwiseDegrees":-11.836,"altitude":0,"altitudeMeters":0,"velocity":{"x":1.3197782039642334,"y":7.366930961608887,"z":0},"xVelocity":1.3197782039642334,"yVelocity":7.366930961608887,"zVelocity":0,"frameIndex":0,"detection":{"camera":{"rotation":{"m11":0,"m12":0,"m13":0,"m21":0,"m22":0,"m23":0,"m31":0,"m32":0,"m33":0},"translation":{"x":0,"y":0,"z":0},"type":3},"tagIndex":0},"drone":{"camera":{"rotation":{"m11":0.7956888675689697,"m12":0.6055951118469238,"m13":-0.011567963287234306,"m21":-0.6056909561157227,"m22":0.7956573963165283,"m23":-0.008237101137638092,"m31":0.004215788096189499,"m32":0.013560779392719269,"m33":0.99989914894104},"translation":{"x":0.46299055218696594,"y":0.4416736662387848,"z":0}}}},"visionDetect":{"nbDetected":0,"type":[0,0,0,0],"xc":[0,0,0,0],"yc":[0,0,0,0],"width":[0,0,0,0],"height":[0,0,0,0],"dist":[0,0,0,0],"orientationAngle":[0,0,0,0],"rotation":[{"m11":0,"m12":0,"m13":0,"m21":0,"m22":0,"m23":0,"m31":0,"m32":0,"m33":0},{"m11":0,"m12":0,"m13":0,"m21":0,"m22":0,"m23":0,"m31":0,"m32":0,"m33":0},{"m11":0,"m12":0,"m13":0,"m21":0,"m22":0,"m23":0,"m31":0,"m32":0,"m33":0},{"m11":0,"m12":0,"m13":0,"m21":0,"m22":0,"m23":0,"m31":0,"m32":0,"m33":0}],"translation":[{"x":0,"y":0,"z":0},{"x":0,"y":0,"z":0},{"x":0,"y":0,"z":0},{"x":0,"y":0,"z":0}],"cameraSource":[0,0,0,0]}}},{"event":"telemetry","at":"2015-08-01T08:40:25.760Z","data":{"header":1432778632,"droneState":{"flying":1,"videoEnabled":0,"visionEnabled":1,"controlAlgorithm":0,"altitudeControlAlgorithm":1,"startButtonState":1,"controlCommandAck":0,"cameraReady":1,"travellingEnabled":0,"usbReady":0,"navdataDemo":1,"navdataBootstrap":0,"motorProblem":0,"communicationLost":0,"softwareFault":0,"lowBattery":0,"userEmergencyLanding":0,"timerElapsed":0,"MagnometerNeedsCalibration":0,"anglesOutOfRange":0,"tooMuchWind":0,"ultrasonicSensorDeaf":0,"cutoutDetected":0,"picVersionNumberOk":1,"atCodecThreadOn":1,"navdataThreadOn":1,"videoThreadOn":1,"acquisitionThreadOn":1,"controlWatchdogDelay":0,"adcWatchdogDelay":0,"comWatchdogProblem":0,"emergencyLanding":0},"sequenceNumber":11640,"visionFlag":1,"demo":{"controlState":"CTRL_TRANS_GOTOFIX","flyState":"FLYING_OK","batteryPercentage":28,"rotation":{"frontBack":-0.236,"pitch":-0.236,"theta":-0.236,"y":-0.236,"leftRight":0.757,"roll":0.757,"phi":0.757,"x":0.757,"clockwise":-11.841,"yaw":-11.841,"psi":-11.841,"z":-11.841},"frontBackDegrees":-0.236,"leftRightDegrees":0.757,"clockwiseDegrees":-11.841,"altitude":0,"altitudeMeters":0,"velocity":{"x":1.6895192861557007,"y":6.050260066986084,"z":0},"xVelocity":1.6895192861557007,"yVelocity":6.050260066986084,"zVelocity":0,"frameIndex":0,"detection":{"camera":{"rotation":{"m11":0,"m12":0,"m13":0,"m21":0,"m22":0,"m23":0,"m31":0,"m32":0,"m33":0},"translation":{"x":0,"y":0,"z":0},"type":3},"tagIndex":0},"drone":{"camera":{"rotation":{"m11":0.7956295013427734,"m12":0.6056784391403198,"m13":-0.011286947876214981,"m21":-0.6057695150375366,"m22":0.7955998182296753,"m23":-0.00801873579621315,"m31":0.0041231196373701096,"m32":0.013217231258749962,"m33":0.9999041557312012},"translation":{"x":0.659419059753418,"y":0.8463729023933411,"z":0}}}},"visionDetect":{"nbDetected":0,"type":[0,0,0,0],"xc":[0,0,0,0],"yc":[0,0,0,0],"width":[0,0,0,0],"height":[0,0,0,0],"dist":[0,0,0,0],"orientationAngle":[0,0,0,0],"rotation":[{"m11":0,"m12":0,"m13":0,"m21":0,"m22":0,"m23":0,"m31":0,"m32":0,"m33":0},{"m11":0,"m12":0,"m13":0,"m21":0,"m22":0,"m23":0,"m31":0,"m32":0,"m33":0},{"m11":0,"m12":0,"m13":0,"m21":0,"m22":0,"m23":0,"m31":0,"m32":0,"m33":0},{"m11":0,"m12":0,"m13":0,"m21":0,"m22":0,"m23":0,"m31":0,"m32":0,"m33":0}],"translation":[{"x":0,"y":0,"z":0},{"x":0,"y":0,"z":0},{"x":0,"y":0,"z":0},{"x":0,"y":0,"z":0}],"cameraSource":[0,0,0,0]}}},{"event":"telemetry","at":"2015-08-01T08:40:25.830Z","data":{"header":1432778632,"droneState":{"flying":1,"videoEnabled":0,"visionEnabled":1,"controlAlgorithm":0,"altitudeControlAlgorithm":1,"startButtonState":1,"controlCommandAck":0,"cameraReady":1,"travellingEnabled":0,"usbReady":0,"navdataDemo":1,"navdataBootstrap":0,"motorProblem":0,"communicationLost":0,"softwareFault":0,"lowBattery":0,"userEmergencyLanding":0,"timerElapsed":0,"MagnometerNeedsCalibration":0,"anglesOutOfRange":0,"tooMuchWind":0,"ultrasonicSensorDeaf":0,"cutoutDetected":0,"picVersionNumberOk":1,"atCodecThreadOn":1,"navdataThreadOn":1,"videoThreadOn":1,"acquisitionThreadOn":1,"controlWatchdogDelay":0,"adcWatchdogDelay":0,"comWatchdogProblem":0,"emergencyLanding":0},"sequenceNumber":11641,"visionFlag":1,"demo":{"controlState":"CTRL_TRANS_GOTOFIX","flyState":"FLYING_OK","batteryPercentage":28,"rotation":{"frontBack":-0.228,"pitch":-0.228,"theta":-0.228,"y":-0.228,"leftRight":0.736,"roll":0.736,"phi":0.736,"x":0.736,"clockwise":-11.827,"yaw":-11.827,"psi":-11.827,"z":-11.827},"frontBackDegrees":-0.228,"leftRightDegrees":0.736,"clockwiseDegrees":-11.827,"altitude":0,"altitudeMeters":0,"velocity":{"x":1.9040586948394775,"y":5.958029747009277,"z":0},"xVelocity":1.9040586948394775,"yVelocity":5.958029747009277,"zVelocity":0,"frameIndex":0,"detection":{"camera":{"rotation":{"m11":0,"m12":0,"m13":0,"m21":0,"m22":0,"m23":0,"m31":0,"m32":0,"m33":0},"translation":{"x":0,"y":0,"z":0},"type":3},"tagIndex":0},"drone":{"camera":{"rotation":{"m11":0.7957876920700073,"m12":0.6054765582084656,"m13":-0.01096297986805439,"m21":-0.6055626273155212,"m22":0.7957593202590942,"m23":-0.00781573262065649,"m31":0.0039916508831083775,"m32":0.012858434580266476,"m33":0.9999094009399414},"translation":{"x":0.859365701675415,"y":1.1924601793289185,"z":0}}}},"visionDetect":{"nbDetected":0,"type":[0,0,0,0],"xc":[0,0,0,0],"yc":[0,0,0,0],"width":[0,0,0,0],"height":[0,0,0,0],"dist":[0,0,0,0],"orientationAngle":[0,0,0,0],"rotation":[{"m11":0,"m12":0,"m13":0,"m21":0,"m22":0,"m23":0,"m31":0,"m32":0,"m33":0},{"m11":0,"m12":0,"m13":0,"m21":0,"m22":0,"m23":0,"m31":0,"m32":0,"m33":0},{"m11":0,"m12":0,"m13":0,"m21":0,"m22":0,"m23":0,"m31":0,"m32":0,"m33":0},{"m11":0,"m12":0,"m13":0,"m21":0,"m22":0,"m23":0,"m31":0,"m32":0,"m33":0}],"translation":[{"x":0,"y":0,"z":0},{"x":0,"y":0,"z":0},{"x":0,"y":0,"z":0},{"x":0,"y":0,"z":0}],"cameraSource":[0,0,0,0]}}},{"event":"telemetry","at":"2015-08-01T08:40:25.889Z","data":{"header":1432778632,"droneState":{"flying":1,"videoEnabled":0,"visionEnabled":1,"controlAlgorithm":0,"altitudeControlAlgorithm":1,"startButtonState":1,"controlCommandAck":0,"cameraReady":1,"travellingEnabled":0,"usbReady":0,"navdataDemo":1,"navdataBootstrap":0,"motorProblem":0,"communicationLost":0,"softwareFault":0,"lowBattery":0,"userEmergencyLanding":0,"timerElapsed":0,"MagnometerNeedsCalibration":0,"anglesOutOfRange":0,"tooMuchWind":0,"ultrasonicSensorDeaf":0,"cutoutDetected":0,"picVersionNumberOk":1,"atCodecThreadOn":1,"navdataThreadOn":1,"videoThreadOn":1,"acquisitionThreadOn":1,"controlWatchdogDelay":0,"adcWatchdogDelay":0,"comWatchdogProblem":0,"emergencyLanding":0},"sequenceNumber":11642,"visionFlag":1,"demo":{"controlState":"CTRL_TRANS_GOTOFIX","flyState":"FLYING_OK","batteryPercentage":28,"rotation":{"frontBack":-0.211,"pitch":-0.211,"theta":-0.211,"y":-0.211,"leftRight":0.712,"roll":0.712,"phi":0.712,"x":0.712,"clockwise":-11.882,"yaw":-11.882,"psi":-11.882,"z":-11.882},"frontBackDegrees":-0.211,"leftRightDegrees":0.712,"clockwiseDegrees":-11.882,"altitude":0,"altitudeMeters":0,"velocity":{"x":3.388763666152954,"y":6.788946628570557,"z":0},"xVelocity":3.388763666152954,"yVelocity":6.788946628570557,"zVelocity":0,"frameIndex":0,"detection":{"camera":{"rotation":{"m11":0,"m12":0,"m13":0,"m21":0,"m22":0,"m23":0,"m31":0,"m32":0,"m33":0},"translation":{"x":0,"y":0,"z":0},"type":3},"tagIndex":0},"drone":{"camera":{"rotation":{"m11":0.7952014803886414,"m12":0.6062549948692322,"m13":-0.010468291118741035,"m21":-0.6063341498374939,"m22":0.795173168182373,"m23":-0.0076532987877726555,"m31":0.0036842552945017815,"m32":0.012433196417987347,"m33":0.9999158978462219},"translation":{"x":1.1247575283050537,"y":1.543449878692627,"z":0}}}},"visionDetect":{"nbDetected":0,"type":[0,0,0,0],"xc":[0,0,0,0],"yc":[0,0,0,0],"width":[0,0,0,0],"height":[0,0,0,0],"dist":[0,0,0,0],"orientationAngle":[0,0,0,0],"rotation":[{"m11":0,"m12":0,"m13":0,"m21":0,"m22":0,"m23":0,"m31":0,"m32":0,"m33":0},{"m11":0,"m12":0,"m13":0,"m21":0,"m22":0,"m23":0,"m31":0,"m32":0,"m33":0},{"m11":0,"m12":0,"m13":0,"m21":0,"m22":0,"m23":0,"m31":0,"m32":0,"m33":0},{"m11":0,"m12":0,"m13":0,"m21":0,"m22":0,"m23":0,"m31":0,"m32":0,"m33":0}],"translation":[{"x":0,"y":0,"z":0},{"x":0,"y":0,"z":0},{"x":0,"y":0,"z":0},{"x":0,"y":0,"z":0}],"cameraSource":[0,0,0,0]}}},{"event":"telemetry","at":"2015-08-01T08:40:25.955Z","data":{"header":1432778632,"droneState":{"flying":1,"videoEnabled":0,"visionEnabled":1,"controlAlgorithm":0,"altitudeControlAlgorithm":1,"startButtonState":1,"controlCommandAck":0,"cameraReady":1,"travellingEnabled":0,"usbReady":0,"navdataDemo":1,"navdataBootstrap":0,"motorProblem":0,"communicationLost":0,"softwareFault":0,"lowBattery":0,"userEmergencyLanding":0,"timerElapsed":0,"MagnometerNeedsCalibration":0,"anglesOutOfRange":0,"tooMuchWind":0,"ultrasonicSensorDeaf":0,"cutoutDetected":0,"picVersionNumberOk":1,"atCodecThreadOn":1,"navdataThreadOn":1,"videoThreadOn":1,"acquisitionThreadOn":1,"controlWatchdogDelay":0,"adcWatchdogDelay":0,"comWatchdogProblem":0,"emergencyLanding":0},"sequenceNumber":11643,"visionFlag":1,"demo":{"controlState":"CTRL_TRANS_GOTOFIX","flyState":"FLYING_OK","batteryPercentage":28,"rotation":{"frontBack":-0.177,"pitch":-0.177,"theta":-0.177,"y":-0.177,"leftRight":0.695,"roll":0.695,"phi":0.695,"x":0.695,"clockwise":-11.864,"yaw":-11.864,"psi":-11.864,"z":-11.864},"frontBackDegrees":-0.177,"leftRightDegrees":0.695,"clockwiseDegrees":-11.864,"altitude":0,"altitudeMeters":0,"velocity":{"x":3.3164474964141846,"y":5.505489826202393,"z":0},"xVelocity":3.3164474964141846,"yVelocity":5.505489826202393,"zVelocity":0,"frameIndex":0,"detection":{"camera":{"rotation":{"m11":0,"m12":0,"m13":0,"m21":0,"m22":0,"m23":0,"m31":0,"m32":0,"m33":0},"translation":{"x":0,"y":0,"z":0},"type":3},"tagIndex":0},"drone":{"camera":{"rotation":{"m11":0.7953898906707764,"m12":0.6060185432434082,"m13":-0.00981953926384449,"m21":-0.6060901880264282,"m22":0.795357882976532,"m23":-0.007777385413646698,"m31":0.0030968077480793,"m32":0.012137580662965775,"m33":0.9999215006828308},"translation":{"x":1.436498761177063,"y":1.8850480318069458,"z":0}}}},"visionDetect":{"nbDetected":0,"type":[0,0,0,0],"xc":[0,0,0,0],"yc":[0,0,0,0],"width":[0,0,0,0],"height":[0,0,0,0],"dist":[0,0,0,0],"orientationAngle":[0,0,0,0],"rotation":[{"m11":0,"m12":0,"m13":0,"m21":0,"m22":0,"m23":0,"m31":0,"m32":0,"m33":0},{"m11":0,"m12":0,"m13":0,"m21":0,"m22":0,"m23":0,"m31":0,"m32":0,"m33":0},{"m11":0,"m12":0,"m13":0,"m21":0,"m22":0,"m23":0,"m31":0,"m32":0,"m33":0},{"m11":0,"m12":0,"m13":0,"m21":0,"m22":0,"m23":0,"m31":0,"m32":0,"m33":0}],"translation":[{"x":0,"y":0,"z":0},{"x":0,"y":0,"z":0},{"x":0,"y":0,"z":0},{"x":0,"y":0,"z":0}],"cameraSource":[0,0,0,0]}}},{"event":"telemetry","at":"2015-08-01T08:40:26.023Z","data":{"header":1432778632,"droneState":{"flying":1,"videoEnabled":0,"visionEnabled":1,"controlAlgorithm":0,"altitudeControlAlgorithm":1,"startButtonState":1,"controlCommandAck":0,"cameraReady":1,"travellingEnabled":0,"usbReady":0,"navdataDemo":1,"navdataBootstrap":0,"motorProblem":0,"communicationLost":0,"softwareFault":0,"lowBattery":0,"userEmergencyLanding":0,"timerElapsed":0,"MagnometerNeedsCalibration":0,"anglesOutOfRange":0,"tooMuchWind":0,"ultrasonicSensorDeaf":0,"cutoutDetected":0,"picVersionNumberOk":1,"atCodecThreadOn":1,"navdataThreadOn":1,"videoThreadOn":1,"acquisitionThreadOn":1,"controlWatchdogDelay":0,"adcWatchdogDelay":0,"comWatchdogProblem":0,"emergencyLanding":0},"sequenceNumber":11644,"visionFlag":1,"demo":{"controlState":"CTRL_TRANS_GOTOFIX","flyState":"FLYING_OK","batteryPercentage":28,"rotation":{"frontBack":-0.174,"pitch":-0.174,"theta":-0.174,"y":-0.174,"leftRight":0.678,"roll":0.678,"phi":0.678,"x":0.678,"clockwise":-11.854,"yaw":-11.854,"psi":-11.854,"z":-11.854},"frontBackDegrees":-0.174,"leftRightDegrees":0.678,"clockwiseDegrees":-11.854,"altitude":0,"altitudeMeters":0,"velocity":{"x":2.661099672317505,"y":5.288068771362305,"z":0},"xVelocity":2.661099672317505,"yVelocity":5.288068771362305,"zVelocity":0,"frameIndex":0,"detection":{"camera":{"rotation":{"m11":0,"m12":0,"m13":0,"m21":0,"m22":0,"m23":0,"m31":0,"m32":0,"m33":0},"translation":{"x":0,"y":0,"z":0},"type":3},"tagIndex":0},"drone":{"camera":{"rotation":{"m11":0.7954959869384766,"m12":0.6058827638626099,"m13":-0.009606000036001205,"m21":-0.605951189994812,"m22":0.7954657673835754,"m23":-0.0075745964422822,"m31":0.0030519277788698673,"m32":0.011846327222883701,"m33":0.9999251961708069},"translation":{"x":1.6945650577545166,"y":2.191161870956421,"z":0}}}},"visionDetect":{"nbDetected":0,"type":[0,0,0,0],"xc":[0,0,0,0],"yc":[0,0,0,0],"width":[0,0,0,0],"height":[0,0,0,0],"dist":[0,0,0,0],"orientationAngle":[0,0,0,0],"rotation":[{"m11":0,"m12":0,"m13":0,"m21":0,"m22":0,"m23":0,"m31":0,"m32":0,"m33":0},{"m11":0,"m12":0,"m13":0,"m21":0,"m22":0,"m23":0,"m31":0,"m32":0,"m33":0},{"m11":0,"m12":0,"m13":0,"m21":0,"m22":0,"m23":0,"m31":0,"m32":0,"m33":0},{"m11":0,"m12":0,"m13":0,"m21":0,"m22":0,"m23":0,"m31":0,"m32":0,"m33":0}],"translation":[{"x":0,"y":0,"z":0},{"x":0,"y":0,"z":0},{"x":0,"y":0,"z":0},{"x":0,"y":0,"z":0}],"cameraSource":[0,0,0,0]}}},{"event":"telemetry","at":"2015-08-01T08:40:26.089Z","data":{"header":1432778632,"droneState":{"flying":1,"videoEnabled":0,"visionEnabled":1,"controlAlgorithm":0,"altitudeControlAlgorithm":1,"startButtonState":1,"controlCommandAck":0,"cameraReady":1,"travellingEnabled":0,"usbReady":0,"navdataDemo":1,"navdataBootstrap":0,"motorProblem":0,"communicationLost":0,"softwareFault":0,"lowBattery":0,"userEmergencyLanding":0,"timerElapsed":0,"MagnometerNeedsCalibration":0,"anglesOutOfRange":0,"tooMuchWind":0,"ultrasonicSensorDeaf":0,"cutoutDetected":0,"picVersionNumberOk":1,"atCodecThreadOn":1,"navdataThreadOn":1,"videoThreadOn":1,"acquisitionThreadOn":1,"controlWatchdogDelay":0,"adcWatchdogDelay":0,"comWatchdogProblem":0,"emergencyLanding":0},"sequenceNumber":11645,"visionFlag":1,"demo":{"controlState":"CTRL_TRANS_GOTOFIX","flyState":"FLYING_OK","batteryPercentage":28,"rotation":{"frontBack":-0.162,"pitch":-0.162,"theta":-0.162,"y":-0.162,"leftRight":0.653,"roll":0.653,"phi":0.653,"x":0.653,"clockwise":-11.861,"yaw":-11.861,"psi":-11.861,"z":-11.861},"frontBackDegrees":-0.162,"leftRightDegrees":0.653,"clockwiseDegrees":-11.861,"altitude":0,"altitudeMeters":0,"velocity":{"x":2.622821092605591,"y":5.472881317138672,"z":0},"xVelocity":2.622821092605591,"yVelocity":5.472881317138672,"zVelocity":0,"frameIndex":0,"detection":{"camera":{"rotation":{"m11":0,"m12":0,"m13":0,"m21":0,"m22":0,"m23":0,"m31":0,"m32":0,"m33":0},"translation":{"x":0,"y":0,"z":0},"type":3},"tagIndex":0},"drone":{"camera":{"rotation":{"m11":0.7954311966896057,"m12":0.6059746146202087,"m13":-0.009167877957224846,"m21":-0.6060373187065125,"m22":0.7954023480415344,"m23":-0.00734532019123435,"m31":0.0028410754166543484,"m32":0.011398771777749062,"m33":0.9999309778213501},"translation":{"x":1.9325034618377686,"y":2.5114521980285645,"z":0}}}},"visionDetect":{"nbDetected":0,"type":[0,0,0,0],"xc":[0,0,0,0],"yc":[0,0,0,0],"width":[0,0,0,0],"height":[0,0,0,0],"dist":[0,0,0,0],"orientationAngle":[0,0,0,0],"rotation":[{"m11":0,"m12":0,"m13":0,"m21":0,"m22":0,"m23":0,"m31":0,"m32":0,"m33":0},{"m11":0,"m12":0,"m13":0,"m21":0,"m22":0,"m23":0,"m31":0,"m32":0,"m33":0},{"m11":0,"m12":0,"m13":0,"m21":0,"m22":0,"m23":0,"m31":0,"m32":0,"m33":0},{"m11":0,"m12":0,"m13":0,"m21":0,"m22":0,"m23":0,"m31":0,"m32":0,"m33":0}],"translation":[{"x":0,"y":0,"z":0},{"x":0,"y":0,"z":0},{"x":0,"y":0,"z":0},{"x":0,"y":0,"z":0}],"cameraSource":[0,0,0,0]}}},{"event":"telemetry","at":"2015-08-01T08:40:26.151Z","data":{"header":1432778632,"droneState":{"flying":1,"videoEnabled":0,"visionEnabled":1,"controlAlgorithm":0,"altitudeControlAlgorithm":1,"startButtonState":1,"controlCommandAck":0,"cameraReady":1,"travellingEnabled":0,"usbReady":0,"navdataDemo":1,"navdataBootstrap":0,"motorProblem":0,"communicationLost":0,"softwareFault":0,"lowBattery":0,"userEmergencyLanding":0,"timerElapsed":0,"MagnometerNeedsCalibration":0,"anglesOutOfRange":0,"tooMuchWind":0,"ultrasonicSensorDeaf":0,"cutoutDetected":0,"picVersionNumberOk":1,"atCodecThreadOn":1,"navdataThreadOn":1,"videoThreadOn":1,"acquisitionThreadOn":1,"controlWatchdogDelay":0,"adcWatchdogDelay":0,"comWatchdogProblem":0,"emergencyLanding":0},"sequenceNumber":11646,"visionFlag":1,"demo":{"controlState":"CTRL_TRANS_GOTOFIX","flyState":"FLYING_OK","batteryPercentage":28,"rotation":{"frontBack":-0.157,"pitch":-0.157,"theta":-0.157,"y":-0.157,"leftRight":0.632,"roll":0.632,"phi":0.632,"x":0.632,"clockwise":-11.88,"yaw":-11.88,"psi":-11.88,"z":-11.88},"frontBackDegrees":-0.157,"leftRightDegrees":0.632,"clockwiseDegrees":-11.88,"altitude":0,"altitudeMeters":0,"velocity":{"x":2.0555858612060547,"y":5.627995491027832,"z":0},"xVelocity":2.0555858612060547,"yVelocity":5.627995491027832,"zVelocity":0,"frameIndex":0,"detection":{"camera":{"rotation":{"m11":0,"m12":0,"m13":0,"m21":0,"m22":0,"m23":0,"m31":0,"m32":0,"m33":0},"translation":{"x":0,"y":0,"z":0},"type":3},"tagIndex":0},"drone":{"camera":{"rotation":{"m11":0.7952277660369873,"m12":0.6062458753585815,"m13":-0.008874339982867241,"m21":-0.6063046455383301,"m22":0.7952006459236145,"m23":-0.0071144429966807365,"m31":0.002743778983131051,"m32":0.011038155294954777,"m33":0.9999353289604187},"translation":{"x":2.161515235900879,"y":2.825211763381958,"z":0}}}},"visionDetect":{"nbDetected":0,"type":[0,0,0,0],"xc":[0,0,0,0],"yc":[0,0,0,0],"width":[0,0,0,0],"height":[0,0,0,0],"dist":[0,0,0,0],"orientationAngle":[0,0,0,0],"rotation":[{"m11":0,"m12":0,"m13":0,"m21":0,"m22":0,"m23":0,"m31":0,"m32":0,"m33":0},{"m11":0,"m12":0,"m13":0,"m21":0,"m22":0,"m23":0,"m31":0,"m32":0,"m33":0},{"m11":0,"m12":0,"m13":0,"m21":0,"m22":0,"m23":0,"m31":0,"m32":0,"m33":0},{"m11":0,"m12":0,"m13":0,"m21":0,"m22":0,"m23":0,"m31":0,"m32":0,"m33":0}],"translation":[{"x":0,"y":0,"z":0},{"x":0,"y":0,"z":0},{"x":0,"y":0,"z":0},{"x":0,"y":0,"z":0}],"cameraSource":[0,0,0,0]}}},{"event":"telemetry","at":"2015-08-01T08:40:26.220Z","data":{"header":1432778632,"droneState":{"flying":1,"videoEnabled":0,"visionEnabled":1,"controlAlgorithm":0,"altitudeControlAlgorithm":1,"startButtonState":1,"controlCommandAck":0,"cameraReady":1,"travellingEnabled":0,"usbReady":0,"navdataDemo":1,"navdataBootstrap":0,"motorProblem":0,"communicationLost":0,"softwareFault":0,"lowBattery":0,"userEmergencyLanding":0,"timerElapsed":0,"MagnometerNeedsCalibration":0,"anglesOutOfRange":0,"tooMuchWind":0,"ultrasonicSensorDeaf":0,"cutoutDetected":0,"picVersionNumberOk":1,"atCodecThreadOn":1,"navdataThreadOn":1,"videoThreadOn":1,"acquisitionThreadOn":1,"controlWatchdogDelay":0,"adcWatchdogDelay":0,"comWatchdogProblem":0,"emergencyLanding":0},"sequenceNumber":11647,"visionFlag":1,"demo":{"controlState":"CTRL_TRANS_GOTOFIX","flyState":"FLYING_OK","batteryPercentage":28,"rotation":{"frontBack":-0.134,"pitch":-0.134,"theta":-0.134,"y":-0.134,"leftRight":0.611,"roll":0.611,"phi":0.611,"x":0.611,"clockwise":-11.883,"yaw":-11.883,"psi":-11.883,"z":-11.883},"frontBackDegrees":-0.134,"leftRightDegrees":0.611,"clockwiseDegrees":-11.883,"altitude":0,"altitudeMeters":0,"velocity":{"x":2.2693891525268555,"y":5.485340118408203,"z":0},"xVelocity":2.2693891525268555,"yVelocity":5.485340118408203,"zVelocity":0,"frameIndex":0,"detection":{"camera":{"rotation":{"m11":0,"m12":0,"m13":0,"m21":0,"m22":0,"m23":0,"m31":0,"m32":0,"m33":0},"translation":{"x":0,"y":0,"z":0},"type":3},"tagIndex":0},"drone":{"camera":{"rotation":{"m11":0.7951914072036743,"m12":0.6063011288642883,"m13":-0.008340949192643166,"m21":-0.6063539385795593,"m22":0.7951635122299194,"m23":-0.007060271687805653,"m31":0.002351767849177122,"m32":0.010671834461390972,"m33":0.9999402761459351},"translation":{"x":2.3842594623565674,"y":3.1465892791748047,"z":0}}}},"visionDetect":{"nbDetected":0,"type":[0,0,0,0],"xc":[0,0,0,0],"yc":[0,0,0,0],"width":[0,0,0,0],"height":[0,0,0,0],"dist":[0,0,0,0],"orientationAngle":[0,0,0,0],"rotation":[{"m11":0,"m12":0,"m13":0,"m21":0,"m22":0,"m23":0,"m31":0,"m32":0,"m33":0},{"m11":0,"m12":0,"m13":0,"m21":0,"m22":0,"m23":0,"m31":0,"m32":0,"m33":0},{"m11":0,"m12":0,"m13":0,"m21":0,"m22":0,"m23":0,"m31":0,"m32":0,"m33":0},{"m11":0,"m12":0,"m13":0,"m21":0,"m22":0,"m23":0,"m31":0,"m32":0,"m33":0}],"translation":[{"x":0,"y":0,"z":0},{"x":0,"y":0,"z":0},{"x":0,"y":0,"z":0},{"x":0,"y":0,"z":0}],"cameraSource":[0,0,0,0]}}},{"event":"telemetry","at":"2015-08-01T08:40:26.281Z","data":{"header":1432778632,"droneState":{"flying":1,"videoEnabled":0,"visionEnabled":1,"controlAlgorithm":0,"altitudeControlAlgorithm":1,"startButtonState":1,"controlCommandAck":0,"cameraReady":1,"travellingEnabled":0,"usbReady":0,"navdataDemo":1,"navdataBootstrap":0,"motorProblem":0,"communicationLost":0,"softwareFault":0,"lowBattery":0,"userEmergencyLanding":0,"timerElapsed":0,"MagnometerNeedsCalibration":0,"anglesOutOfRange":0,"tooMuchWind":0,"ultrasonicSensorDeaf":0,"cutoutDetected":0,"picVersionNumberOk":1,"atCodecThreadOn":1,"navdataThreadOn":1,"videoThreadOn":1,"acquisitionThreadOn":1,"controlWatchdogDelay":0,"adcWatchdogDelay":0,"comWatchdogProblem":0,"emergencyLanding":0},"sequenceNumber":11648,"visionFlag":1,"demo":{"controlState":"CTRL_TRANS_GOTOFIX","flyState":"FLYING_OK","batteryPercentage":28,"rotation":{"frontBack":-0.127,"pitch":-0.127,"theta":-0.127,"y":-0.127,"leftRight":0.593,"roll":0.593,"phi":0.593,"x":0.593,"clockwise":-11.883,"yaw":-11.883,"psi":-11.883,"z":-11.883},"frontBackDegrees":-0.127,"leftRightDegrees":0.593,"clockwiseDegrees":-11.883,"altitude":0,"altitudeMeters":0,"velocity":{"x":2.611840009689331,"y":4.5722174644470215,"z":0},"xVelocity":2.611840009689331,"yVelocity":4.5722174644470215,"zVelocity":0,"frameIndex":0,"detection":{"camera":{"rotation":{"m11":0,"m12":0,"m13":0,"m21":0,"m22":0,"m23":0,"m31":0,"m32":0,"m33":0},"translation":{"x":0,"y":0,"z":0},"type":3},"tagIndex":0},"drone":{"camera":{"rotation":{"m11":0.7951968908309937,"m12":0.60629802942276,"m13":-0.008042382076382637,"m21":-0.6063472628593445,"m22":0.7951700687408447,"m23":-0.006890829652547836,"m31":0.0022171661257743835,"m32":0.01035604253411293,"m33":0.9999439120292664},"translation":{"x":2.5997507572174072,"y":3.433967351913452,"z":0}}}},"visionDetect":{"nbDetected":0,"type":[0,0,0,0],"xc":[0,0,0,0],"yc":[0,0,0,0],"width":[0,0,0,0],"height":[0,0,0,0],"dist":[0,0,0,0],"orientationAngle":[0,0,0,0],"rotation":[{"m11":0,"m12":0,"m13":0,"m21":0,"m22":0,"m23":0,"m31":0,"m32":0,"m33":0},{"m11":0,"m12":0,"m13":0,"m21":0,"m22":0,"m23":0,"m31":0,"m32":0,"m33":0},{"m11":0,"m12":0,"m13":0,"m21":0,"m22":0,"m23":0,"m31":0,"m32":0,"m33":0},{"m11":0,"m12":0,"m13":0,"m21":0,"m22":0,"m23":0,"m31":0,"m32":0,"m33":0}],"translation":[{"x":0,"y":0,"z":0},{"x":0,"y":0,"z":0},{"x":0,"y":0,"z":0},{"x":0,"y":0,"z":0}],"cameraSource":[0,0,0,0]}}},{"event":"telemetry","at":"2015-08-01T08:40:26.347Z","data":{"header":1432778632,"droneState":{"flying":1,"videoEnabled":0,"visionEnabled":1,"controlAlgorithm":0,"altitudeControlAlgorithm":1,"startButtonState":1,"controlCommandAck":0,"cameraReady":1,"travellingEnabled":0,"usbReady":0,"navdataDemo":1,"navdataBootstrap":0,"motorProblem":0,"communicationLost":0,"softwareFault":0,"lowBattery":0,"userEmergencyLanding":0,"timerElapsed":0,"MagnometerNeedsCalibration":0,"anglesOutOfRange":0,"tooMuchWind":0,"ultrasonicSensorDeaf":0,"cutoutDetected":0,"picVersionNumberOk":1,"atCodecThreadOn":1,"navdataThreadOn":1,"videoThreadOn":1,"acquisitionThreadOn":1,"controlWatchdogDelay":0,"adcWatchdogDelay":0,"comWatchdogProblem":0,"emergencyLanding":0},"sequenceNumber":11649,"visionFlag":1,"demo":{"controlState":"CTRL_TRANS_GOTOFIX","flyState":"FLYING_OK","batteryPercentage":28,"rotation":{"frontBack":-0.098,"pitch":-0.098,"theta":-0.098,"y":-0.098,"leftRight":0.569,"roll":0.569,"phi":0.569,"x":0.569,"clockwise":-11.901,"yaw":-11.901,"psi":-11.901,"z":-11.901},"frontBackDegrees":-0.098,"leftRightDegrees":0.569,"clockwiseDegrees":-11.901,"altitude":0,"altitudeMeters":0,"velocity":{"x":2.49800181388855,"y":4.906661033630371,"z":0},"xVelocity":2.49800181388855,"yVelocity":4.906661033630371,"zVelocity":0,"frameIndex":0,"detection":{"camera":{"rotation":{"m11":0,"m12":0,"m13":0,"m21":0,"m22":0,"m23":0,"m31":0,"m32":0,"m33":0},"translation":{"x":0,"y":0,"z":0},"type":3},"tagIndex":0},"drone":{"camera":{"rotation":{"m11":0.7950009703636169,"m12":0.6065630316734314,"m13":-0.007400560658425093,"m21":-0.6066057085990906,"m22":0.7949733138084412,"m23":-0.006851751822978258,"m31":0.0017272294498980045,"m32":0.009936371818184853,"m33":0.9999490976333618},"translation":{"x":2.832190990447998,"y":3.699577569961548,"z":0}}}},"visionDetect":{"nbDetected":0,"type":[0,0,0,0],"xc":[0,0,0,0],"yc":[0,0,0,0],"width":[0,0,0,0],"height":[0,0,0,0],"dist":[0,0,0,0],"orientationAngle":[0,0,0,0],"rotation":[{"m11":0,"m12":0,"m13":0,"m21":0,"m22":0,"m23":0,"m31":0,"m32":0,"m33":0},{"m11":0,"m12":0,"m13":0,"m21":0,"m22":0,"m23":0,"m31":0,"m32":0,"m33":0},{"m11":0,"m12":0,"m13":0,"m21":0,"m22":0,"m23":0,"m31":0,"m32":0,"m33":0},{"m11":0,"m12":0,"m13":0,"m21":0,"m22":0,"m23":0,"m31":0,"m32":0,"m33":0}],"translation":[{"x":0,"y":0,"z":0},{"x":0,"y":0,"z":0},{"x":0,"y":0,"z":0},{"x":0,"y":0,"z":0}],"cameraSource":[0,0,0,0]}}},{"event":"telemetry","at":"2015-08-01T08:40:26.416Z","data":{"header":1432778632,"droneState":{"flying":1,"videoEnabled":0,"visionEnabled":1,"controlAlgorithm":0,"altitudeControlAlgorithm":1,"startButtonState":1,"controlCommandAck":0,"cameraReady":1,"travellingEnabled":0,"usbReady":0,"navdataDemo":1,"navdataBootstrap":0,"motorProblem":0,"communicationLost":0,"softwareFault":0,"lowBattery":0,"userEmergencyLanding":0,"timerElapsed":0,"MagnometerNeedsCalibration":0,"anglesOutOfRange":0,"tooMuchWind":0,"ultrasonicSensorDeaf":0,"cutoutDetected":0,"picVersionNumberOk":1,"atCodecThreadOn":1,"navdataThreadOn":1,"videoThreadOn":1,"acquisitionThreadOn":1,"controlWatchdogDelay":0,"adcWatchdogDelay":0,"comWatchdogProblem":0,"emergencyLanding":0},"sequenceNumber":11650,"visionFlag":1,"demo":{"controlState":"CTRL_TRANS_GOTOFIX","flyState":"FLYING_OK","batteryPercentage":28,"rotation":{"frontBack":-0.098,"pitch":-0.098,"theta":-0.098,"y":-0.098,"leftRight":0.549,"roll":0.549,"phi":0.549,"x":0.549,"clockwise":-11.908,"yaw":-11.908,"psi":-11.908,"z":-11.908},"frontBackDegrees":-0.098,"leftRightDegrees":0.549,"clockwiseDegrees":-1