{
"start": "Sat Aug 01 2015 01:41:14 GMT-0700 (PDT)",
"flight": [
{"event":"command","at":"2015-08-01T08:41:14.334Z","data":{"kind":"primary","duration":10000,"commandSelect":"takeoff"}},{"event":"telemetry","at":"2015-08-01T08:41:14.407Z","data":{"header":1432778632,"droneState":{"flying":0,"videoEnabled":0,"visionEnabled":1,"controlAlgorithm":0,"altitudeControlAlgorithm":1,"startButtonState":0,"controlCommandAck":0,"cameraReady":1,"travellingEnabled":0,"usbReady":0,"navdataDemo":1,"navdataBootstrap":0,"motorProblem":0,"communicationLost":0,"softwareFault":0,"lowBattery":0,"userEmergencyLanding":0,"timerElapsed":0,"MagnometerNeedsCalibration":0,"anglesOutOfRange":0,"tooMuchWind":0,"ultrasonicSensorDeaf":0,"cutoutDetected":0,"picVersionNumberOk":1,"atCodecThreadOn":1,"navdataThreadOn":1,"videoThreadOn":1,"acquisitionThreadOn":1,"controlWatchdogDelay":0,"adcWatchdogDelay":0,"comWatchdogProblem":0,"emergencyLanding":0},"sequenceNumber":12385,"visionFlag":1,"demo":{"controlState":"CTRL_LANDED","flyState":"FLYING_OK","batteryPercentage":28,"rotation":{"frontBack":-0.703,"pitch":-0.703,"theta":-0.703,"y":-0.703,"leftRight":1.455,"roll":1.455,"phi":1.455,"x":1.455,"clockwise":-5.491,"yaw":-5.491,"psi":-5.491,"z":-5.491},"frontBackDegrees":-0.703,"leftRightDegrees":1.455,"clockwiseDegrees":-5.491,"altitude":0,"altitudeMeters":0,"velocity":{"x":0,"y":0,"z":0},"xVelocity":0,"yVelocity":0,"zVelocity":0,"frameIndex":0,"detection":{"camera":{"rotation":{"m11":0,"m12":0,"m13":0,"m21":0,"m22":0,"m23":0,"m31":0,"m32":0,"m33":0},"translation":{"x":0,"y":0,"z":0},"type":3},"tagIndex":0},"drone":{"camera":{"rotation":{"m11":0.8253335952758789,"m12":0.5641147494316101,"m13":-0.02447638288140297,"m21":-0.5645119547843933,"m22":0.8253055810928345,"m23":-0.014036680571734905,"m31":0.01228219736367464,"m32":0.02540215104818344,"m33":0.9996018409729004},"translation":{"x":0.5728473663330078,"y":-1.4860161542892456,"z":0}}}},"visionDetect":{"nbDetected":0,"type":[0,0,0,0],"xc":[0,0,0,0],"yc":[0,0,0,0],"width":[0,0,0,0],"height":[0,0,0,0],"dist":[0,0,0,0],"orientationAngle":[0,0,0,0],"rotation":[{"m11":0,"m12":0,"m13":0,"m21":0,"m22":0,"m23":0,"m31":0,"m32":0,"m33":0},{"m11":0,"m12":0,"m13":0,"m21":0,"m22":0,"m23":0,"m31":0,"m32":0,"m33":0},{"m11":0,"m12":0,"m13":0,"m21":0,"m22":0,"m23":0,"m31":0,"m32":0,"m33":0},{"m11":0,"m12":0,"m13":0,"m21":0,"m22":0,"m23":0,"m31":0,"m32":0,"m33":0}],"translation":[{"x":0,"y":0,"z":0},{"x":0,"y":0,"z":0},{"x":0,"y":0,"z":0},{"x":0,"y":0,"z":0}],"cameraSource":[0,0,0,0]}}},{"event":"telemetry","at":"2015-08-01T08:41:14.407Z","data":{"header":1432778632,"droneState":{"flying":0,"videoEnabled":0,"visionEnabled":1,"controlAlgorithm":0,"altitudeControlAlgorithm":1,"startButtonState":0,"controlCommandAck":0,"cameraReady":1,"travellingEnabled":0,"usbReady":0,"navdataDemo":1,"navdataBootstrap":0,"motorProblem":0,"communicationLost":0,"softwareFault":0,"lowBattery":0,"userEmergencyLanding":0,"timerElapsed":0,"MagnometerNeedsCalibration":0,"anglesOutOfRange":0,"tooMuchWind":0,"ultrasonicSensorDeaf":0,"cutoutDetected":0,"picVersionNumberOk":1,"atCodecThreadOn":1,"navdataThreadOn":1,"videoThreadOn":1,"acquisitionThreadOn":1,"controlWatchdogDelay":0,"adcWatchdogDelay":0,"comWatchdogProblem":0,"emergencyLanding":0},"sequenceNumber":12385,"visionFlag":1,"demo":{"controlState":"CTRL_LANDED","flyState":"FLYING_OK","batteryPercentage":28,"rotation":{"frontBack":-0.703,"pitch":-0.703,"theta":-0.703,"y":-0.703,"leftRight":1.455,"roll":1.455,"phi":1.455,"x":1.455,"clockwise":-5.491,"yaw":-5.491,"psi":-5.491,"z":-5.491},"frontBackDegrees":-0.703,"leftRightDegrees":1.455,"clockwiseDegrees":-5.491,"altitude":0,"altitudeMeters":0,"velocity":{"x":0,"y":0,"z":0},"xVelocity":0,"yVelocity":0,"zVelocity":0,"frameIndex":0,"detection":{"camera":{"rotation":{"m11":0,"m12":0,"m13":0,"m21":0,"m22":0,"m23":0,"m31":0,"m32":0,"m33":0},"translation":{"x":0,"y":0,"z":0},"type":3},"tagIndex":0},"drone":{"camera":{"rotation":{"m11":0.8253335952758789,"m12":0.5641147494316101,"m13":-0.02447638288140297,"m21":-0.5645119547843933,"m22":0.8253055810928345,"m23":-0.014036680571734905,"m31":0.01228219736367464,"m32":0.02540215104818344,"m33":0.9996018409729004},"translation":{"x":0.5728473663330078,"y":-1.4860161542892456,"z":0}}}},"visionDetect":{"nbDetected":0,"type":[0,0,0,0],"xc":[0,0,0,0],"yc":[0,0,0,0],"width":[0,0,0,0],"height":[0,0,0,0],"dist":[0,0,0,0],"orientationAngle":[0,0,0,0],"rotation":[{"m11":0,"m12":0,"m13":0,"m21":0,"m22":0,"m23":0,"m31":0,"m32":0,"m33":0},{"m11":0,"m12":0,"m13":0,"m21":0,"m22":0,"m23":0,"m31":0,"m32":0,"m33":0},{"m11":0,"m12":0,"m13":0,"m21":0,"m22":0,"m23":0,"m31":0,"m32":0,"m33":0},{"m11":0,"m12":0,"m13":0,"m21":0,"m22":0,"m23":0,"m31":0,"m32":0,"m33":0}],"translation":[{"x":0,"y":0,"z":0},{"x":0,"y":0,"z":0},{"x":0,"y":0,"z":0},{"x":0,"y":0,"z":0}],"cameraSource":[0,0,0,0]}}},{"event":"telemetry","at":"2015-08-01T08:41:14.460Z","data":{"header":1432778632,"droneState":{"flying":1,"videoEnabled":0,"visionEnabled":1,"controlAlgorithm":0,"altitudeControlAlgorithm":1,"startButtonState":1,"controlCommandAck":0,"cameraReady":1,"travellingEnabled":0,"usbReady":0,"navdataDemo":1,"navdataBootstrap":0,"motorProblem":0,"communicationLost":0,"softwareFault":0,"lowBattery":0,"userEmergencyLanding":0,"timerElapsed":0,"MagnometerNeedsCalibration":0,"anglesOutOfRange":0,"tooMuchWind":0,"ultrasonicSensorDeaf":0,"cutoutDetected":0,"picVersionNumberOk":1,"atCodecThreadOn":1,"navdataThreadOn":1,"videoThreadOn":1,"acquisitionThreadOn":1,"controlWatchdogDelay":0,"adcWatchdogDelay":0,"comWatchdogProblem":0,"emergencyLanding":0},"sequenceNumber":12386,"visionFlag":1,"demo":{"controlState":"CTRL_TRANS_GOTOFIX","flyState":"FLYING_OK","batteryPercentage":28,"rotation":{"frontBack":-0.684,"pitch":-0.684,"theta":-0.684,"y":-0.684,"leftRight":1.419,"roll":1.419,"phi":1.419,"x":1.419,"clockwise":-5.495,"yaw":-5.495,"psi":-5.495,"z":-5.495},"frontBackDegrees":-0.684,"leftRightDegrees":1.419,"clockwiseDegrees":-5.495,"altitude":0,"altitudeMeters":0,"velocity":{"x":4.033477306365967,"y":8.276335716247559,"z":0},"xVelocity":4.033477306365967,"yVelocity":8.276335716247559,"zVelocity":0,"frameIndex":0,"detection":{"camera":{"rotation":{"m11":0,"m12":0,"m13":0,"m21":0,"m22":0,"m23":0,"m31":0,"m32":0,"m33":0},"translation":{"x":0,"y":0,"z":0},"type":3},"tagIndex":0},"drone":{"camera":{"rotation":{"m11":0.8252905607223511,"m12":0.5642046928405762,"m13":-0.023846060037612915,"m21":-0.5645819902420044,"m22":0.8252632021903992,"m23":-0.013704575598239899,"m31":0.011947091668844223,"m32":0.024773310869932175,"m33":0.9996216893196106},"translation":{"x":0.7435183525085449,"y":-1.2049925327301025,"z":0}}}},"visionDetect":{"nbDetected":0,"type":[0,0,0,0],"xc":[0,0,0,0],"yc":[0,0,0,0],"width":[0,0,0,0],"height":[0,0,0,0],"dist":[0,0,0,0],"orientationAngle":[0,0,0,0],"rotation":[{"m11":0,"m12":0,"m13":0,"m21":0,"m22":0,"m23":0,"m31":0,"m32":0,"m33":0},{"m11":0,"m12":0,"m13":0,"m21":0,"m22":0,"m23":0,"m31":0,"m32":0,"m33":0},{"m11":0,"m12":0,"m13":0,"m21":0,"m22":0,"m23":0,"m31":0,"m32":0,"m33":0},{"m11":0,"m12":0,"m13":0,"m21":0,"m22":0,"m23":0,"m31":0,"m32":0,"m33":0}],"translation":[{"x":0,"y":0,"z":0},{"x":0,"y":0,"z":0},{"x":0,"y":0,"z":0},{"x":0,"y":0,"z":0}],"cameraSource":[0,0,0,0]}}},{"event":"telemetry","at":"2015-08-01T08:41:14.461Z","data":{"header":1432778632,"droneState":{"flying":1,"videoEnabled":0,"visionEnabled":1,"controlAlgorithm":0,"altitudeControlAlgorithm":1,"startButtonState":1,"controlCommandAck":0,"cameraReady":1,"travellingEnabled":0,"usbReady":0,"navdataDemo":1,"navdataBootstrap":0,"motorProblem":0,"communicationLost":0,"softwareFault":0,"lowBattery":0,"userEmergencyLanding":0,"timerElapsed":0,"MagnometerNeedsCalibration":0,"anglesOutOfRange":0,"tooMuchWind":0,"ultrasonicSensorDeaf":0,"cutoutDetected":0,"picVersionNumberOk":1,"atCodecThreadOn":1,"navdataThreadOn":1,"videoThreadOn":1,"acquisitionThreadOn":1,"controlWatchdogDelay":0,"adcWatchdogDelay":0,"comWatchdogProblem":0,"emergencyLanding":0},"sequenceNumber":12386,"visionFlag":1,"demo":{"controlState":"CTRL_TRANS_GOTOFIX","flyState":"FLYING_OK","batteryPercentage":28,"rotation":{"frontBack":-0.684,"pitch":-0.684,"theta":-0.684,"y":-0.684,"leftRight":1.419,"roll":1.419,"phi":1.419,"x":1.419,"clockwise":-5.495,"yaw":-5.495,"psi":-5.495,"z":-5.495},"frontBackDegrees":-0.684,"leftRightDegrees":1.419,"clockwiseDegrees":-5.495,"altitude":0,"altitudeMeters":0,"velocity":{"x":4.033477306365967,"y":8.276335716247559,"z":0},"xVelocity":4.033477306365967,"yVelocity":8.276335716247559,"zVelocity":0,"frameIndex":0,"detection":{"camera":{"rotation":{"m11":0,"m12":0,"m13":0,"m21":0,"m22":0,"m23":0,"m31":0,"m32":0,"m33":0},"translation":{"x":0,"y":0,"z":0},"type":3},"tagIndex":0},"drone":{"camera":{"rotation":{"m11":0.8252905607223511,"m12":0.5642046928405762,"m13":-0.023846060037612915,"m21":-0.5645819902420044,"m22":0.8252632021903992,"m23":-0.013704575598239899,"m31":0.011947091668844223,"m32":0.024773310869932175,"m33":0.9996216893196106},"translation":{"x":0.7435183525085449,"y":-1.2049925327301025,"z":0}}}},"visionDetect":{"nbDetected":0,"type":[0,0,0,0],"xc":[0,0,0,0],"yc":[0,0,0,0],"width":[0,0,0,0],"height":[0,0,0,0],"dist":[0,0,0,0],"orientationAngle":[0,0,0,0],"rotation":[{"m11":0,"m12":0,"m13":0,"m21":0,"m22":0,"m23":0,"m31":0,"m32":0,"m33":0},{"m11":0,"m12":0,"m13":0,"m21":0,"m22":0,"m23":0,"m31":0,"m32":0,"m33":0},{"m11":0,"m12":0,"m13":0,"m21":0,"m22":0,"m23":0,"m31":0,"m32":0,"m33":0},{"m11":0,"m12":0,"m13":0,"m21":0,"m22":0,"m23":0,"m31":0,"m32":0,"m33":0}],"translation":[{"x":0,"y":0,"z":0},{"x":0,"y":0,"z":0},{"x":0,"y":0,"z":0},{"x":0,"y":0,"z":0}],"cameraSource":[0,0,0,0]}}},{"event":"telemetry","at":"2015-08-01T08:41:14.527Z","data":{"header":1432778632,"droneState":{"flying":1,"videoEnabled":0,"visionEnabled":1,"controlAlgorithm":0,"altitudeControlAlgorithm":1,"startButtonState":1,"controlCommandAck":0,"cameraReady":1,"travellingEnabled":0,"usbReady":0,"navdataDemo":1,"navdataBootstrap":0,"motorProblem":0,"communicationLost":0,"softwareFault":0,"lowBattery":0,"userEmergencyLanding":0,"timerElapsed":0,"MagnometerNeedsCalibration":0,"anglesOutOfRange":0,"tooMuchWind":0,"ultrasonicSensorDeaf":0,"cutoutDetected":0,"picVersionNumberOk":1,"atCodecThreadOn":1,"navdataThreadOn":1,"videoThreadOn":1,"acquisitionThreadOn":1,"controlWatchdogDelay":0,"adcWatchdogDelay":0,"comWatchdogProblem":0,"emergencyLanding":0},"sequenceNumber":12387,"visionFlag":1,"demo":{"controlState":"CTRL_TRANS_GOTOFIX","flyState":"FLYING_OK","batteryPercentage":28,"rotation":{"frontBack":-0.658,"pitch":-0.658,"theta":-0.658,"y":-0.658,"leftRight":1.366,"roll":1.366,"phi":1.366,"x":1.366,"clockwise":-5.498,"yaw":-5.498,"psi":-5.498,"z":-5.498},"frontBackDegrees":-0.658,"leftRightDegrees":1.366,"clockwiseDegrees":-5.498,"altitude":0,"altitudeMeters":0,"velocity":{"x":5.226653575897217,"y":11.174284934997559,"z":0},"xVelocity":5.226653575897217,"yVelocity":11.174284934997559,"zVelocity":0,"frameIndex":0,"detection":{"camera":{"rotation":{"m11":0,"m12":0,"m13":0,"m21":0,"m22":0,"m23":0,"m31":0,"m32":0,"m33":0},"translation":{"x":0,"y":0,"z":0},"type":3},"tagIndex":0},"drone":{"camera":{"rotation":{"m11":0.8252719044685364,"m12":0.5642691850662231,"m13":-0.022947434335947037,"m21":-0.564618706703186,"m22":0.8252464532852173,"m23":-0.013194737024605274,"m31":0.011491905897855759,"m32":0.023845795542001724,"m33":0.9996495842933655},"translation":{"x":1.1189944744110107,"y":-0.5857438445091248,"z":0}}}},"visionDetect":{"nbDetected":0,"type":[0,0,0,0],"xc":[0,0,0,0],"yc":[0,0,0,0],"width":[0,0,0,0],"height":[0,0,0,0],"dist":[0,0,0,0],"orientationAngle":[0,0,0,0],"rotation":[{"m11":0,"m12":0,"m13":0,"m21":0,"m22":0,"m23":0,"m31":0,"m32":0,"m33":0},{"m11":0,"m12":0,"m13":0,"m21":0,"m22":0,"m23":0,"m31":0,"m32":0,"m33":0},{"m11":0,"m12":0,"m13":0,"m21":0,"m22":0,"m23":0,"m31":0,"m32":0,"m33":0},{"m11":0,"m12":0,"m13":0,"m21":0,"m22":0,"m23":0,"m31":0,"m32":0,"m33":0}],"translation":[{"x":0,"y":0,"z":0},{"x":0,"y":0,"z":0},{"x":0,"y":0,"z":0},{"x":0,"y":0,"z":0}],"cameraSource":[0,0,0,0]}}},{"event":"telemetry","at":"2015-08-01T08:41:14.528Z","data":{"header":1432778632,"droneState":{"flying":1,"videoEnabled":0,"visionEnabled":1,"controlAlgorithm":0,"altitudeControlAlgorithm":1,"startButtonState":1,"controlCommandAck":0,"cameraReady":1,"travellingEnabled":0,"usbReady":0,"navdataDemo":1,"navdataBootstrap":0,"motorProblem":0,"communicationLost":0,"softwareFault":0,"lowBattery":0,"userEmergencyLanding":0,"timerElapsed":0,"MagnometerNeedsCalibration":0,"anglesOutOfRange":0,"tooMuchWind":0,"ultrasonicSensorDeaf":0,"cutoutDetected":0,"picVersionNumberOk":1,"atCodecThreadOn":1,"navdataThreadOn":1,"videoThreadOn":1,"acquisitionThreadOn":1,"controlWatchdogDelay":0,"adcWatchdogDelay":0,"comWatchdogProblem":0,"emergencyLanding":0},"sequenceNumber":12387,"visionFlag":1,"demo":{"controlState":"CTRL_TRANS_GOTOFIX","flyState":"FLYING_OK","batteryPercentage":28,"rotation":{"frontBack":-0.658,"pitch":-0.658,"theta":-0.658,"y":-0.658,"leftRight":1.366,"roll":1.366,"phi":1.366,"x":1.366,"clockwise":-5.498,"yaw":-5.498,"psi":-5.498,"z":-5.498},"frontBackDegrees":-0.658,"leftRightDegrees":1.366,"clockwiseDegrees":-5.498,"altitude":0,"altitudeMeters":0,"velocity":{"x":5.226653575897217,"y":11.174284934997559,"z":0},"xVelocity":5.226653575897217,"yVelocity":11.174284934997559,"zVelocity":0,"frameIndex":0,"detection":{"camera":{"rotation":{"m11":0,"m12":0,"m13":0,"m21":0,"m22":0,"m23":0,"m31":0,"m32":0,"m33":0},"translation":{"x":0,"y":0,"z":0},"type":3},"tagIndex":0},"drone":{"camera":{"rotation":{"m11":0.8252719044685364,"m12":0.5642691850662231,"m13":-0.022947434335947037,"m21":-0.564618706703186,"m22":0.8252464532852173,"m23":-0.013194737024605274,"m31":0.011491905897855759,"m32":0.023845795542001724,"m33":0.9996495842933655},"translation":{"x":1.1189944744110107,"y":-0.5857438445091248,"z":0}}}},"visionDetect":{"nbDetected":0,"type":[0,0,0,0],"xc":[0,0,0,0],"yc":[0,0,0,0],"width":[0,0,0,0],"height":[0,0,0,0],"dist":[0,0,0,0],"orientationAngle":[0,0,0,0],"rotation":[{"m11":0,"m12":0,"m13":0,"m21":0,"m22":0,"m23":0,"m31":0,"m32":0,"m33":0},{"m11":0,"m12":0,"m13":0,"m21":0,"m22":0,"m23":0,"m31":0,"m32":0,"m33":0},{"m11":0,"m12":0,"m13":0,"m21":0,"m22":0,"m23":0,"m31":0,"m32":0,"m33":0},{"m11":0,"m12":0,"m13":0,"m21":0,"m22":0,"m23":0,"m31":0,"m32":0,"m33":0}],"translation":[{"x":0,"y":0,"z":0},{"x":0,"y":0,"z":0},{"x":0,"y":0,"z":0},{"x":0,"y":0,"z":0}],"cameraSource":[0,0,0,0]}}},{"event":"telemetry","at":"2015-08-01T08:41:14.593Z","data":{"header":1432778632,"droneState":{"flying":1,"videoEnabled":0,"visionEnabled":1,"controlAlgorithm":0,"altitudeControlAlgorithm":1,"startButtonState":1,"controlCommandAck":0,"cameraReady":1,"travellingEnabled":0,"usbReady":0,"navdataDemo":1,"navdataBootstrap":0,"motorProblem":0,"communicationLost":0,"softwareFault":0,"lowBattery":0,"userEmergencyLanding":0,"timerElapsed":0,"MagnometerNeedsCalibration":0,"anglesOutOfRange":0,"tooMuchWind":0,"ultrasonicSensorDeaf":0,"cutoutDetected":0,"picVersionNumberOk":1,"atCodecThreadOn":1,"navdataThreadOn":1,"videoThreadOn":1,"acquisitionThreadOn":1,"controlWatchdogDelay":0,"adcWatchdogDelay":0,"comWatchdogProblem":0,"emergencyLanding":0},"sequenceNumber":12388,"visionFlag":1,"demo":{"controlState":"CTRL_TRANS_GOTOFIX","flyState":"FLYING_OK","batteryPercentage":28,"rotation":{"frontBack":-0.635,"pitch":-0.635,"theta":-0.635,"y":-0.635,"leftRight":1.315,"roll":1.315,"phi":1.315,"x":1.315,"clockwise":-5.498,"yaw":-5.498,"psi":-5.498,"z":-5.498},"frontBackDegrees":-0.635,"leftRightDegrees":1.315,"clockwiseDegrees":-5.498,"altitude":0,"altitudeMeters":0,"velocity":{"x":5.3792548179626465,"y":11.326848983764648,"z":0},"xVelocity":5.3792548179626465,"yVelocity":11.326848983764648,"zVelocity":0,"frameIndex":0,"detection":{"camera":{"rotation":{"m11":0,"m12":0,"m13":0,"m21":0,"m22":0,"m23":0,"m31":0,"m32":0,"m33":0},"translation":{"x":0,"y":0,"z":0},"type":3},"tagIndex":0},"drone":{"camera":{"rotation":{"m11":0.8252699971199036,"m12":0.5643049478530884,"m13":-0.022121798247098923,"m21":-0.564629316329956,"m22":0.8252471685409546,"m23":-0.01268315501511097,"m31":0.01109878346323967,"m32":0.02295764349400997,"m33":0.9996748566627502},"translation":{"x":1.5367050170898438,"y":0.12785521149635315,"z":0}}}},"visionDetect":{"nbDetected":0,"type":[0,0,0,0],"xc":[0,0,0,0],"yc":[0,0,0,0],"width":[0,0,0,0],"height":[0,0,0,0],"dist":[0,0,0,0],"orientationAngle":[0,0,0,0],"rotation":[{"m11":0,"m12":0,"m13":0,"m21":0,"m22":0,"m23":0,"m31":0,"m32":0,"m33":0},{"m11":0,"m12":0,"m13":0,"m21":0,"m22":0,"m23":0,"m31":0,"m32":0,"m33":0},{"m11":0,"m12":0,"m13":0,"m21":0,"m22":0,"m23":0,"m31":0,"m32":0,"m33":0},{"m11":0,"m12":0,"m13":0,"m21":0,"m22":0,"m23":0,"m31":0,"m32":0,"m33":0}],"translation":[{"x":0,"y":0,"z":0},{"x":0,"y":0,"z":0},{"x":0,"y":0,"z":0},{"x":0,"y":0,"z":0}],"cameraSource":[0,0,0,0]}}},{"event":"telemetry","at":"2015-08-01T08:41:14.593Z","data":{"header":1432778632,"droneState":{"flying":1,"videoEnabled":0,"visionEnabled":1,"controlAlgorithm":0,"altitudeControlAlgorithm":1,"startButtonState":1,"controlCommandAck":0,"cameraReady":1,"travellingEnabled":0,"usbReady":0,"navdataDemo":1,"navdataBootstrap":0,"motorProblem":0,"communicationLost":0,"softwareFault":0,"lowBattery":0,"userEmergencyLanding":0,"timerElapsed":0,"MagnometerNeedsCalibration":0,"anglesOutOfRange":0,"tooMuchWind":0,"ultrasonicSensorDeaf":0,"cutoutDetected":0,"picVersionNumberOk":1,"atCodecThreadOn":1,"navdataThreadOn":1,"videoThreadOn":1,"acquisitionThreadOn":1,"controlWatchdogDelay":0,"adcWatchdogDelay":0,"comWatchdogProblem":0,"emergencyLanding":0},"sequenceNumber":12388,"visionFlag":1,"demo":{"controlState":"CTRL_TRANS_GOTOFIX","flyState":"FLYING_OK","batteryPercentage":28,"rotation":{"frontBack":-0.635,"pitch":-0.635,"theta":-0.635,"y":-0.635,"leftRight":1.315,"roll":1.315,"phi":1.315,"x":1.315,"clockwise":-5.498,"yaw":-5.498,"psi":-5.498,"z":-5.498},"frontBackDegrees":-0.635,"leftRightDegrees":1.315,"clockwiseDegrees":-5.498,"altitude":0,"altitudeMeters":0,"velocity":{"x":5.3792548179626465,"y":11.326848983764648,"z":0},"xVelocity":5.3792548179626465,"yVelocity":11.326848983764648,"zVelocity":0,"frameIndex":0,"detection":{"camera":{"rotation":{"m11":0,"m12":0,"m13":0,"m21":0,"m22":0,"m23":0,"m31":0,"m32":0,"m33":0},"translation":{"x":0,"y":0,"z":0},"type":3},"tagIndex":0},"drone":{"camera":{"rotation":{"m11":0.8252699971199036,"m12":0.5643049478530884,"m13":-0.022121798247098923,"m21":-0.564629316329956,"m22":0.8252471685409546,"m23":-0.01268315501511097,"m31":0.01109878346323967,"m32":0.02295764349400997,"m33":0.9996748566627502},"translation":{"x":1.5367050170898438,"y":0.12785521149635315,"z":0}}}},"visionDetect":{"nbDetected":0,"type":[0,0,0,0],"xc":[0,0,0,0],"yc":[0,0,0,0],"width":[0,0,0,0],"height":[0,0,0,0],"dist":[0,0,0,0],"orientationAngle":[0,0,0,0],"rotation":[{"m11":0,"m12":0,"m13":0,"m21":0,"m22":0,"m23":0,"m31":0,"m32":0,"m33":0},{"m11":0,"m12":0,"m13":0,"m21":0,"m22":0,"m23":0,"m31":0,"m32":0,"m33":0},{"m11":0,"m12":0,"m13":0,"m21":0,"m22":0,"m23":0,"m31":0,"m32":0,"m33":0},{"m11":0,"m12":0,"m13":0,"m21":0,"m22":0,"m23":0,"m31":0,"m32":0,"m33":0}],"translation":[{"x":0,"y":0,"z":0},{"x":0,"y":0,"z":0},{"x":0,"y":0,"z":0},{"x":0,"y":0,"z":0}],"cameraSource":[0,0,0,0]}}},{"event":"telemetry","at":"2015-08-01T08:41:14.657Z","data":{"header":1432778632,"droneState":{"flying":1,"videoEnabled":0,"visionEnabled":1,"controlAlgorithm":0,"altitudeControlAlgorithm":1,"startButtonState":1,"controlCommandAck":0,"cameraReady":1,"travellingEnabled":0,"usbReady":0,"navdataDemo":1,"navdataBootstrap":0,"motorProblem":0,"communicationLost":0,"softwareFault":0,"lowBattery":0,"userEmergencyLanding":0,"timerElapsed":0,"MagnometerNeedsCalibration":0,"anglesOutOfRange":0,"tooMuchWind":0,"ultrasonicSensorDeaf":0,"cutoutDetected":0,"picVersionNumberOk":1,"atCodecThreadOn":1,"navdataThreadOn":1,"videoThreadOn":1,"acquisitionThreadOn":1,"controlWatchdogDelay":0,"adcWatchdogDelay":0,"comWatchdogProblem":0,"emergencyLanding":0},"sequenceNumber":12389,"visionFlag":1,"demo":{"controlState":"CTRL_TRANS_GOTOFIX","flyState":"FLYING_OK","batteryPercentage":28,"rotation":{"frontBack":-0.614,"pitch":-0.614,"theta":-0.614,"y":-0.614,"leftRight":1.274,"roll":1.274,"phi":1.274,"x":1.274,"clockwise":-5.5,"yaw":-5.5,"psi":-5.5,"z":-5.5},"frontBackDegrees":-0.614,"leftRightDegrees":1.274,"clockwiseDegrees":-5.5,"altitude":0,"altitudeMeters":0,"velocity":{"x":5.275618076324463,"y":10.592248916625977,"z":0},"xVelocity":5.275618076324463,"yVelocity":10.592248916625977,"zVelocity":0,"frameIndex":0,"detection":{"camera":{"rotation":{"m11":0,"m12":0,"m13":0,"m21":0,"m22":0,"m23":0,"m31":0,"m32":0,"m33":0},"translation":{"x":0,"y":0,"z":0},"type":3},"tagIndex":0},"drone":{"camera":{"rotation":{"m11":0.8252524137496948,"m12":0.564358115196228,"m13":-0.021410582587122917,"m21":-0.5646622180938721,"m22":0.8252304792404175,"m23":-0.012299861758947372,"m31":0.010727139189839363,"m32":0.022240236401557922,"m33":0.9996950626373291},"translation":{"x":1.94924795627594,"y":0.7978874444961548,"z":0}}}},"visionDetect":{"nbDetected":0,"type":[0,0,0,0],"xc":[0,0,0,0],"yc":[0,0,0,0],"width":[0,0,0,0],"height":[0,0,0,0],"dist":[0,0,0,0],"orientationAngle":[0,0,0,0],"rotation":[{"m11":0,"m12":0,"m13":0,"m21":0,"m22":0,"m23":0,"m31":0,"m32":0,"m33":0},{"m11":0,"m12":0,"m13":0,"m21":0,"m22":0,"m23":0,"m31":0,"m32":0,"m33":0},{"m11":0,"m12":0,"m13":0,"m21":0,"m22":0,"m23":0,"m31":0,"m32":0,"m33":0},{"m11":0,"m12":0,"m13":0,"m21":0,"m22":0,"m23":0,"m31":0,"m32":0,"m33":0}],"translation":[{"x":0,"y":0,"z":0},{"x":0,"y":0,"z":0},{"x":0,"y":0,"z":0},{"x":0,"y":0,"z":0}],"cameraSource":[0,0,0,0]}}},{"event":"telemetry","at":"2015-08-01T08:41:14.657Z","data":{"header":1432778632,"droneState":{"flying":1,"videoEnabled":0,"visionEnabled":1,"controlAlgorithm":0,"altitudeControlAlgorithm":1,"startButtonState":1,"controlCommandAck":0,"cameraReady":1,"travellingEnabled":0,"usbReady":0,"navdataDemo":1,"navdataBootstrap":0,"motorProblem":0,"communicationLost":0,"softwareFault":0,"lowBattery":0,"userEmergencyLanding":0,"timerElapsed":0,"MagnometerNeedsCalibration":0,"anglesOutOfRange":0,"tooMuchWind":0,"ultrasonicSensorDeaf":0,"cutoutDetected":0,"picVersionNumberOk":1,"atCodecThreadOn":1,"navdataThreadOn":1,"videoThreadOn":1,"acquisitionThreadOn":1,"controlWatchdogDelay":0,"adcWatchdogDelay":0,"comWatchdogProblem":0,"emergencyLanding":0},"sequenceNumber":12389,"visionFlag":1,"demo":{"controlState":"CTRL_TRANS_GOTOFIX","flyState":"FLYING_OK","batteryPercentage":28,"rotation":{"frontBack":-0.614,"pitch":-0.614,"theta":-0.614,"y":-0.614,"leftRight":1.274,"roll":1.274,"phi":1.274,"x":1.274,"clockwise":-5.5,"yaw":-5.5,"psi":-5.5,"z":-5.5},"frontBackDegrees":-0.614,"leftRightDegrees":1.274,"clockwiseDegrees":-5.5,"altitude":0,"altitudeMeters":0,"velocity":{"x":5.275618076324463,"y":10.592248916625977,"z":0},"xVelocity":5.275618076324463,"yVelocity":10.592248916625977,"zVelocity":0,"frameIndex":0,"detection":{"camera":{"rotation":{"m11":0,"m12":0,"m13":0,"m21":0,"m22":0,"m23":0,"m31":0,"m32":0,"m33":0},"translation":{"x":0,"y":0,"z":0},"type":3},"tagIndex":0},"drone":{"camera":{"rotation":{"m11":0.8252524137496948,"m12":0.564358115196228,"m13":-0.021410582587122917,"m21":-0.5646622180938721,"m22":0.8252304792404175,"m23":-0.012299861758947372,"m31":0.010727139189839363,"m32":0.022240236401557922,"m33":0.9996950626373291},"translation":{"x":1.94924795627594,"y":0.7978874444961548,"z":0}}}},"visionDetect":{"nbDetected":0,"type":[0,0,0,0],"xc":[0,0,0,0],"yc":[0,0,0,0],"width":[0,0,0,0],"height":[0,0,0,0],"dist":[0,0,0,0],"orientationAngle":[0,0,0,0],"rotation":[{"m11":0,"m12":0,"m13":0,"m21":0,"m22":0,"m23":0,"m31":0,"m32":0,"m33":0},{"m11":0,"m12":0,"m13":0,"m21":0,"m22":0,"m23":0,"m31":0,"m32":0,"m33":0},{"m11":0,"m12":0,"m13":0,"m21":0,"m22":0,"m23":0,"m31":0,"m32":0,"m33":0},{"m11":0,"m12":0,"m13":0,"m21":0,"m22":0,"m23":0,"m31":0,"m32":0,"m33":0}],"translation":[{"x":0,"y":0,"z":0},{"x":0,"y":0,"z":0},{"x":0,"y":0,"z":0},{"x":0,"y":0,"z":0}],"cameraSource":[0,0,0,0]}}},{"event":"telemetry","at":"2015-08-01T08:41:14.721Z","data":{"header":1432778632,"droneState":{"flying":1,"videoEnabled":0,"visionEnabled":1,"controlAlgorithm":0,"altitudeControlAlgorithm":1,"startButtonState":1,"controlCommandAck":0,"cameraReady":1,"travellingEnabled":0,"usbReady":0,"navdataDemo":1,"navdataBootstrap":0,"motorProblem":0,"communicationLost":0,"softwareFault":0,"lowBattery":0,"userEmergencyLanding":0,"timerElapsed":0,"MagnometerNeedsCalibration":0,"anglesOutOfRange":0,"tooMuchWind":0,"ultrasonicSensorDeaf":0,"cutoutDetected":0,"picVersionNumberOk":1,"atCodecThreadOn":1,"navdataThreadOn":1,"videoThreadOn":1,"acquisitionThreadOn":1,"controlWatchdogDelay":0,"adcWatchdogDelay":0,"comWatchdogProblem":0,"emergencyLanding":0},"sequenceNumber":12390,"visionFlag":1,"demo":{"controlState":"CTRL_TRANS_GOTOFIX","flyState":"FLYING_OK","batteryPercentage":28,"rotation":{"frontBack":-0.597,"pitch":-0.597,"theta":-0.597,"y":-0.597,"leftRight":1.231,"roll":1.231,"phi":1.231,"x":1.231,"clockwise":-5.503,"yaw":-5.503,"psi":-5.503,"z":-5.503},"frontBackDegrees":-0.597,"leftRightDegrees":1.231,"clockwiseDegrees":-5.503,"altitude":0,"altitudeMeters":0,"velocity":{"x":4.897315979003906,"y":10.394139289855957,"z":0},"xVelocity":4.897315979003906,"yVelocity":10.394139289855957,"zVelocity":0,"frameIndex":0,"detection":{"camera":{"rotation":{"m11":0,"m12":0,"m13":0,"m21":0,"m22":0,"m23":0,"m31":0,"m32":0,"m33":0},"translation":{"x":0,"y":0,"z":0},"type":3},"tagIndex":0},"drone":{"camera":{"rotation":{"m11":0.8252343535423279,"m12":0.5644097328186035,"m13":-0.020736463367938995,"m21":-0.5646942853927612,"m22":0.8252151012420654,"m23":-0.011849777773022652,"m31":0.010423913598060608,"m32":0.021488605067133904,"m33":0.9997147917747498},"translation":{"x":2.33739972114563,"y":1.442176342010498,"z":0}}}},"visionDetect":{"nbDetected":0,"type":[0,0,0,0],"xc":[0,0,0,0],"yc":[0,0,0,0],"width":[0,0,0,0],"height":[0,0,0,0],"dist":[0,0,0,0],"orientationAngle":[0,0,0,0],"rotation":[{"m11":0,"m12":0,"m13":0,"m21":0,"m22":0,"m23":0,"m31":0,"m32":0,"m33":0},{"m11":0,"m12":0,"m13":0,"m21":0,"m22":0,"m23":0,"m31":0,"m32":0,"m33":0},{"m11":0,"m12":0,"m13":0,"m21":0,"m22":0,"m23":0,"m31":0,"m32":0,"m33":0},{"m11":0,"m12":0,"m13":0,"m21":0,"m22":0,"m23":0,"m31":0,"m32":0,"m33":0}],"translation":[{"x":0,"y":0,"z":0},{"x":0,"y":0,"z":0},{"x":0,"y":0,"z":0},{"x":0,"y":0,"z":0}],"cameraSource":[0,0,0,0]}}},{"event":"telemetry","at":"2015-08-01T08:41:14.721Z","data":{"header":1432778632,"droneState":{"flying":1,"videoEnabled":0,"visionEnabled":1,"controlAlgorithm":0,"altitudeControlAlgorithm":1,"startButtonState":1,"controlCommandAck":0,"cameraReady":1,"travellingEnabled":0,"usbReady":0,"navdataDemo":1,"navdataBootstrap":0,"motorProblem":0,"communicationLost":0,"softwareFault":0,"lowBattery":0,"userEmergencyLanding":0,"timerElapsed":0,"MagnometerNeedsCalibration":0,"anglesOutOfRange":0,"tooMuchWind":0,"ultrasonicSensorDeaf":0,"cutoutDetected":0,"picVersionNumberOk":1,"atCodecThreadOn":1,"navdataThreadOn":1,"videoThreadOn":1,"acquisitionThreadOn":1,"controlWatchdogDelay":0,"adcWatchdogDelay":0,"comWatchdogProblem":0,"emergencyLanding":0},"sequenceNumber":12390,"visionFlag":1,"demo":{"controlState":"CTRL_TRANS_GOTOFIX","flyState":"FLYING_OK","batteryPercentage":28,"rotation":{"frontBack":-0.597,"pitch":-0.597,"theta":-0.597,"y":-0.597,"leftRight":1.231,"roll":1.231,"phi":1.231,"x":1.231,"clockwise":-5.503,"yaw":-5.503,"psi":-5.503,"z":-5.503},"frontBackDegrees":-0.597,"leftRightDegrees":1.231,"clockwiseDegrees":-5.503,"altitude":0,"altitudeMeters":0,"velocity":{"x":4.897315979003906,"y":10.394139289855957,"z":0},"xVelocity":4.897315979003906,"yVelocity":10.394139289855957,"zVelocity":0,"frameIndex":0,"detection":{"camera":{"rotation":{"m11":0,"m12":0,"m13":0,"m21":0,"m22":0,"m23":0,"m31":0,"m32":0,"m33":0},"translation":{"x":0,"y":0,"z":0},"type":3},"tagIndex":0},"drone":{"camera":{"rotation":{"m11":0.8252343535423279,"m12":0.5644097328186035,"m13":-0.020736463367938995,"m21":-0.5646942853927612,"m22":0.8252151012420654,"m23":-0.011849777773022652,"m31":0.010423913598060608,"m32":0.021488605067133904,"m33":0.9997147917747498},"translation":{"x":2.33739972114563,"y":1.442176342010498,"z":0}}}},"visionDetect":{"nbDetected":0,"type":[0,0,0,0],"xc":[0,0,0,0],"yc":[0,0,0,0],"width":[0,0,0,0],"height":[0,0,0,0],"dist":[0,0,0,0],"orientationAngle":[0,0,0,0],"rotation":[{"m11":0,"m12":0,"m13":0,"m21":0,"m22":0,"m23":0,"m31":0,"m32":0,"m33":0},{"m11":0,"m12":0,"m13":0,"m21":0,"m22":0,"m23":0,"m31":0,"m32":0,"m33":0},{"m11":0,"m12":0,"m13":0,"m21":0,"m22":0,"m23":0,"m31":0,"m32":0,"m33":0},{"m11":0,"m12":0,"m13":0,"m21":0,"m22":0,"m23":0,"m31":0,"m32":0,"m33":0}],"translation":[{"x":0,"y":0,"z":0},{"x":0,"y":0,"z":0},{"x":0,"y":0,"z":0},{"x":0,"y":0,"z":0}],"cameraSource":[0,0,0,0]}}},{"event":"telemetry","at":"2015-08-01T08:41:14.797Z","data":{"header":1432778632,"droneState":{"flying":1,"videoEnabled":0,"visionEnabled":1,"controlAlgorithm":0,"altitudeControlAlgorithm":1,"startButtonState":1,"controlCommandAck":0,"cameraReady":1,"travellingEnabled":0,"usbReady":0,"navdataDemo":1,"navdataBootstrap":0,"motorProblem":0,"communicationLost":0,"softwareFault":0,"lowBattery":0,"userEmergencyLanding":0,"timerElapsed":0,"MagnometerNeedsCalibration":0,"anglesOutOfRange":0,"tooMuchWind":0,"ultrasonicSensorDeaf":0,"cutoutDetected":0,"picVersionNumberOk":1,"atCodecThreadOn":1,"navdataThreadOn":1,"videoThreadOn":1,"acquisitionThreadOn":1,"controlWatchdogDelay":0,"adcWatchdogDelay":0,"comWatchdogProblem":0,"emergencyLanding":0},"sequenceNumber":12391,"visionFlag":1,"demo":{"controlState":"CTRL_TRANS_GOTOFIX","flyState":"FLYING_OK","batteryPercentage":28,"rotation":{"frontBack":-0.582,"pitch":-0.582,"theta":-0.582,"y":-0.582,"leftRight":1.193,"roll":1.193,"phi":1.193,"x":1.193,"clockwise":-5.506,"yaw":-5.506,"psi":-5.506,"z":-5.506},"frontBackDegrees":-0.582,"leftRightDegrees":1.193,"clockwiseDegrees":-5.506,"altitude":0,"altitudeMeters":0,"velocity":{"x":4.486480236053467,"y":9.953666687011719,"z":0},"xVelocity":4.486480236053467,"yVelocity":9.953666687011719,"zVelocity":0,"frameIndex":0,"detection":{"camera":{"rotation":{"m11":0,"m12":0,"m13":0,"m21":0,"m22":0,"m23":0,"m31":0,"m32":0,"m33":0},"translation":{"x":0,"y":0,"z":0},"type":3},"tagIndex":0},"drone":{"camera":{"rotation":{"m11":0.8252001404762268,"m12":0.5644810795783997,"m13":-0.02014467865228653,"m21":-0.5647490620613098,"m22":0.8251833319664001,"m23":-0.011447600089013577,"m31":0.010161101818084717,"m32":0.020823247730731964,"m33":0.9997315406799316},"translation":{"x":2.7148613929748535,"y":2.067080497741699,"z":0}}}},"visionDetect":{"nbDetected":0,"type":[0,0,0,0],"xc":[0,0,0,0],"yc":[0,0,0,0],"width":[0,0,0,0],"height":[0,0,0,0],"dist":[0,0,0,0],"orientationAngle":[0,0,0,0],"rotation":[{"m11":0,"m12":0,"m13":0,"m21":0,"m22":0,"m23":0,"m31":0,"m32":0,"m33":0},{"m11":0,"m12":0,"m13":0,"m21":0,"m22":0,"m23":0,"m31":0,"m32":0,"m33":0},{"m11":0,"m12":0,"m13":0,"m21":0,"m22":0,"m23":0,"m31":0,"m32":0,"m33":0},{"m11":0,"m12":0,"m13":0,"m21":0,"m22":0,"m23":0,"m31":0,"m32":0,"m33":0}],"translation":[{"x":0,"y":0,"z":0},{"x":0,"y":0,"z":0},{"x":0,"y":0,"z":0},{"x":0,"y":0,"z":0}],"cameraSource":[0,0,0,0]}}},{"event":"telemetry","at":"2015-08-01T08:41:14.797Z","data":{"header":1432778632,"droneState":{"flying":1,"videoEnabled":0,"visionEnabled":1,"controlAlgorithm":0,"altitudeControlAlgorithm":1,"startButtonState":1,"controlCommandAck":0,"cameraReady":1,"travellingEnabled":0,"usbReady":0,"navdataDemo":1,"navdataBootstrap":0,"motorProblem":0,"communicationLost":0,"softwareFault":0,"lowBattery":0,"userEmergencyLanding":0,"timerElapsed":0,"MagnometerNeedsCalibration":0,"anglesOutOfRange":0,"tooMuchWind":0,"ultrasonicSensorDeaf":0,"cutoutDetected":0,"picVersionNumberOk":1,"atCodecThreadOn":1,"navdataThreadOn":1,"videoThreadOn":1,"acquisitionThreadOn":1,"controlWatchdogDelay":0,"adcWatchdogDelay":0,"comWatchdogProblem":0,"emergencyLanding":0},"sequenceNumber":12391,"visionFlag":1,"demo":{"controlState":"CTRL_TRANS_GOTOFIX","flyState":"FLYING_OK","batteryPercentage":28,"rotation":{"frontBack":-0.582,"pitch":-0.582,"theta":-0.582,"y":-0.582,"leftRight":1.193,"roll":1.193,"phi":1.193,"x":1.193,"clockwise":-5.506,"yaw":-5.506,"psi":-5.506,"z":-5.506},"frontBackDegrees":-0.582,"leftRightDegrees":1.193,"clockwiseDegrees":-5.506,"altitude":0,"altitudeMeters":0,"velocity":{"x":4.486480236053467,"y":9.953666687011719,"z":0},"xVelocity":4.486480236053467,"yVelocity":9.953666687011719,"zVelocity":0,"frameIndex":0,"detection":{"camera":{"rotation":{"m11":0,"m12":0,"m13":0,"m21":0,"m22":0,"m23":0,"m31":0,"m32":0,"m33":0},"translation":{"x":0,"y":0,"z":0},"type":3},"tagIndex":0},"drone":{"camera":{"rotation":{"m11":0.8252001404762268,"m12":0.5644810795783997,"m13":-0.02014467865228653,"m21":-0.5647490620613098,"m22":0.8251833319664001,"m23":-0.011447600089013577,"m31":0.010161101818084717,"m32":0.020823247730731964,"m33":0.9997315406799316},"translation":{"x":2.7148613929748535,"y":2.067080497741699,"z":0}}}},"visionDetect":{"nbDetected":0,"type":[0,0,0,0],"xc":[0,0,0,0],"yc":[0,0,0,0],"width":[0,0,0,0],"height":[0,0,0,0],"dist":[0,0,0,0],"orientationAngle":[0,0,0,0],"rotation":[{"m11":0,"m12":0,"m13":0,"m21":0,"m22":0,"m23":0,"m31":0,"m32":0,"m33":0},{"m11":0,"m12":0,"m13":0,"m21":0,"m22":0,"m23":0,"m31":0,"m32":0,"m33":0},{"m11":0,"m12":0,"m13":0,"m21":0,"m22":0,"m23":0,"m31":0,"m32":0,"m33":0},{"m11":0,"m12":0,"m13":0,"m21":0,"m22":0,"m23":0,"m31":0,"m32":0,"m33":0}],"translation":[{"x":0,"y":0,"z":0},{"x":0,"y":0,"z":0},{"x":0,"y":0,"z":0},{"x":0,"y":0,"z":0}],"cameraSource":[0,0,0,0]}}},{"event":"telemetry","at":"2015-08-01T08:41:14.858Z","data":{"header":1432778632,"droneState":{"flying":1,"videoEnabled":0,"visionEnabled":1,"controlAlgorithm":0,"altitudeControlAlgorithm":1,"startButtonState":1,"controlCommandAck":0,"cameraReady":1,"travellingEnabled":0,"usbReady":0,"navdataDemo":1,"navdataBootstrap":0,"motorProblem":0,"communicationLost":0,"softwareFault":0,"lowBattery":0,"userEmergencyLanding":0,"timerElapsed":0,"MagnometerNeedsCalibration":0,"anglesOutOfRange":0,"tooMuchWind":0,"ultrasonicSensorDeaf":0,"cutoutDetected":0,"picVersionNumberOk":1,"atCodecThreadOn":1,"navdataThreadOn":1,"videoThreadOn":1,"acquisitionThreadOn":1,"controlWatchdogDelay":0,"adcWatchdogDelay":0,"comWatchdogProblem":0,"emergencyLanding":0},"sequenceNumber":12392,"visionFlag":1,"demo":{"controlState":"CTRL_TRANS_GOTOFIX","flyState":"FLYING_OK","batteryPercentage":28,"rotation":{"frontBack":-0.561,"pitch":-0.561,"theta":-0.561,"y":-0.561,"leftRight":1.154,"roll":1.154,"phi":1.154,"x":1.154,"clockwise":-5.508,"yaw":-5.508,"psi":-5.508,"z":-5.508},"frontBackDegrees":-0.561,"leftRightDegrees":1.154,"clockwiseDegrees":-5.508,"altitude":0,"altitudeMeters":0,"velocity":{"x":4.822597980499268,"y":9.637224197387695,"z":0},"xVelocity":4.822597980499268,"yVelocity":9.637224197387695,"zVelocity":0,"frameIndex":0,"detection":{"camera":{"rotation":{"m11":0,"m12":0,"m13":0,"m21":0,"m22":0,"m23":0,"m31":0,"m32":0,"m33":0},"translation":{"x":0,"y":0,"z":0},"type":3},"tagIndex":0},"drone":{"camera":{"rotation":{"m11":0.825183629989624,"m12":0.5645291805267334,"m13":-0.019459180533885956,"m21":-0.56477952003479,"m22":0.8251672983169556,"m23":-0.011088144965469837,"m31":0.009797496721148491,"m32":0.0201399028301239,"m33":0.9997491836547852},"translation":{"x":3.082454204559326,"y":2.670241117477417,"z":0}}}},"visionDetect":{"nbDetected":0,"type":[0,0,0,0],"xc":[0,0,0,0],"yc":[0,0,0,0],"width":[0,0,0,0],"height":[0,0,0,0],"dist":[0,0,0,0],"orientationAngle":[0,0,0,0],"rotation":[{"m11":0,"m12":0,"m13":0,"m21":0,"m22":0,"m23":0,"m31":0,"m32":0,"m33":0},{"m11":0,"m12":0,"m13":0,"m21":0,"m22":0,"m23":0,"m31":0,"m32":0,"m33":0},{"m11":0,"m12":0,"m13":0,"m21":0,"m22":0,"m23":0,"m31":0,"m32":0,"m33":0},{"m11":0,"m12":0,"m13":0,"m21":0,"m22":0,"m23":0,"m31":0,"m32":0,"m33":0}],"translation":[{"x":0,"y":0,"z":0},{"x":0,"y":0,"z":0},{"x":0,"y":0,"z":0},{"x":0,"y":0,"z":0}],"cameraSource":[0,0,0,0]}}},{"event":"telemetry","at":"2015-08-01T08:41:14.858Z","data":{"header":1432778632,"droneState":{"flying":1,"videoEnabled":0,"visionEnabled":1,"controlAlgorithm":0,"altitudeControlAlgorithm":1,"startButtonState":1,"controlCommandAck":0,"cameraReady":1,"travellingEnabled":0,"usbReady":0,"navdataDemo":1,"navdataBootstrap":0,"motorProblem":0,"communicationLost":0,"softwareFault":0,"lowBattery":0,"userEmergencyLanding":0,"timerElapsed":0,"MagnometerNeedsCalibration":0,"anglesOutOfRange":0,"tooMuchWind":0,"ultrasonicSensorDeaf":0,"cutoutDetected":0,"picVersionNumberOk":1,"atCodecThreadOn":1,"navdataThreadOn":1,"videoThreadOn":1,"acquisitionThreadOn":1,"controlWatchdogDelay":0,"adcWatchdogDelay":0,"comWatchdogProblem":0,"emergencyLanding":0},"sequenceNumber":12392,"visionFlag":1,"demo":{"controlState":"CTRL_TRANS_GOTOFIX","flyState":"FLYING_OK","batteryPercentage":28,"rotation":{"frontBack":-0.561,"pitch":-0.561,"theta":-0.561,"y":-0.561,"leftRight":1.154,"roll":1.154,"phi":1.154,"x":1.154,"clockwise":-5.508,"yaw":-5.508,"psi":-5.508,"z":-5.508},"frontBackDegrees":-0.561,"leftRightDegrees":1.154,"clockwiseDegrees":-5.508,"altitude":0,"altitudeMeters":0,"velocity":{"x":4.822597980499268,"y":9.637224197387695,"z":0},"xVelocity":4.822597980499268,"yVelocity":9.637224197387695,"zVelocity":0,"frameIndex":0,"detection":{"camera":{"rotation":{"m11":0,"m12":0,"m13":0,"m21":0,"m22":0,"m23":0,"m31":0,"m32":0,"m33":0},"translation":{"x":0,"y":0,"z":0},"type":3},"tagIndex":0},"drone":{"camera":{"rotation":{"m11":0.825183629989624,"m12":0.5645291805267334,"m13":-0.019459180533885956,"m21":-0.56477952003479,"m22":0.8251672983169556,"m23":-0.011088144965469837,"m31":0.009797496721148491,"m32":0.0201399028301239,"m33":0.9997491836547852},"translation":{"x":3.082454204559326,"y":2.670241117477417,"z":0}}}},"visionDetect":{"nbDetected":0,"type":[0,0,0,0],"xc":[0,0,0,0],"yc":[0,0,0,0],"width":[0,0,0,0],"height":[0,0,0,0],"dist":[0,0,0,0],"orientationAngle":[0,0,0,0],"rotation":[{"m11":0,"m12":0,"m13":0,"m21":0,"m22":0,"m23":0,"m31":0,"m32":0,"m33":0},{"m11":0,"m12":0,"m13":0,"m21":0,"m22":0,"m23":0,"m31":0,"m32":0,"m33":0},{"m11":0,"m12":0,"m13":0,"m21":0,"m22":0,"m23":0,"m31":0,"m32":0,"m33":0},{"m11":0,"m12":0,"m13":0,"m21":0,"m22":0,"m23":0,"m31":0,"m32":0,"m33":0}],"translation":[{"x":0,"y":0,"z":0},{"x":0,"y":0,"z":0},{"x":0,"y":0,"z":0},{"x":0,"y":0,"z":0}],"cameraSource":[0,0,0,0]}}},{"event":"telemetry","at":"2015-08-01T08:41:14.917Z","data":{"header":1432778632,"droneState":{"flying":1,"videoEnabled":0,"visionEnabled":1,"controlAlgorithm":0,"altitudeControlAlgorithm":1,"startButtonState":1,"controlCommandAck":0,"cameraReady":1,"travellingEnabled":0,"usbReady":0,"navdataDemo":1,"navdataBootstrap":0,"motorProblem":0,"communicationLost":0,"softwareFault":0,"lowBattery":0,"userEmergencyLanding":0,"timerElapsed":0,"MagnometerNeedsCalibration":0,"anglesOutOfRange":0,"tooMuchWind":0,"ultrasonicSensorDeaf":0,"cutoutDetected":0,"picVersionNumberOk":1,"atCodecThreadOn":1,"navdataThreadOn":1,"videoThreadOn":1,"acquisitionThreadOn":1,"controlWatchdogDelay":0,"adcWatchdogDelay":0,"comWatchdogProblem":0,"emergencyLanding":0},"sequenceNumber":12393,"visionFlag":1,"demo":{"controlState":"CTRL_TRANS_GOTOFIX","flyState":"FLYING_OK","batteryPercentage":28,"rotation":{"frontBack":-0.517,"pitch":-0.517,"theta":-0.517,"y":-0.517,"leftRight":1.109,"roll":1.109,"phi":1.109,"x":1.109,"clockwise":-5.497,"yaw":-5.497,"psi":-5.497,"z":-5.497},"frontBackDegrees":-0.517,"leftRightDegrees":1.109,"clockwiseDegrees":-5.497,"altitude":0,"altitudeMeters":0,"velocity":{"x":6.251678466796875,"y":9.667509078979492,"z":0},"xVelocity":6.251678466796875,"yVelocity":9.667509078979492,"zVelocity":0,"frameIndex":0,"detection":{"camera":{"rotation":{"m11":0,"m12":0,"m1