{
"start": "Sun Aug 02 2015 15:49:26 GMT-0700 (PDT)",
"flight": [
{"event":"command","at":"2015-08-02T22:49:26.427Z","data":{"kind":"primary","duration":10000,"commandSelect":"takeoff"}},{"event":"telemetry","at":"2015-08-02T22:49:26.437Z","data":{"header":1432778632,"droneState":{"flying":0,"videoEnabled":0,"visionEnabled":0,"controlAlgorithm":0,"altitudeControlAlgorithm":1,"startButtonState":0,"controlCommandAck":0,"cameraReady":1,"travellingEnabled":0,"usbReady":0,"navdataDemo":1,"navdataBootstrap":0,"motorProblem":0,"communicationLost":0,"softwareFault":0,"lowBattery":0,"userEmergencyLanding":0,"timerElapsed":0,"MagnometerNeedsCalibration":0,"anglesOutOfRange":0,"tooMuchWind":0,"ultrasonicSensorDeaf":0,"cutoutDetected":0,"picVersionNumberOk":1,"atCodecThreadOn":1,"navdataThreadOn":1,"videoThreadOn":1,"acquisitionThreadOn":1,"controlWatchdogDelay":0,"adcWatchdogDelay":0,"comWatchdogProblem":0,"emergencyLanding":0},"sequenceNumber":2004,"visionFlag":0,"demo":{"controlState":"CTRL_LANDED","flyState":"FLYING_OK","batteryPercentage":83,"rotation":{"frontBack":-1.972,"pitch":-1.972,"theta":-1.972,"y":-1.972,"leftRight":2.171,"roll":2.171,"phi":2.171,"x":2.171,"clockwise":-3.014,"yaw":-3.014,"psi":-3.014,"z":-3.014},"frontBackDegrees":-1.972,"leftRightDegrees":2.171,"clockwiseDegrees":-3.014,"altitude":0,"altitudeMeters":0,"velocity":{"x":0,"y":0,"z":0},"xVelocity":0,"yVelocity":0,"zVelocity":0,"frameIndex":0,"detection":{"camera":{"rotation":{"m11":0,"m12":0,"m13":0,"m21":0,"m22":0,"m23":0,"m31":0,"m32":0,"m33":0},"translation":{"x":0,"y":0,"z":0},"type":3},"tagIndex":0},"drone":{"camera":{"rotation":{"m11":0.6931360960006714,"m12":0.7189892530441284,"m13":-0.051154982298612595,"m21":-0.7199846506118774,"m22":0.6939883828163147,"m23":-0.0015081651508808136,"m31":0.03441661223769188,"m32":0.03787616267800331,"m33":0.998689591884613},"translation":{"x":0.19946105778217316,"y":2.1319262981414795,"z":0}}}},"visionDetect":{"nbDetected":0,"type":[0,0,0,0],"xc":[0,0,0,0],"yc":[0,0,0,0],"width":[0,0,0,0],"height":[0,0,0,0],"dist":[0,0,0,0],"orientationAngle":[0,0,0,0],"rotation":[{"m11":0,"m12":0,"m13":0,"m21":0,"m22":0,"m23":0,"m31":0,"m32":0,"m33":0},{"m11":0,"m12":0,"m13":0,"m21":0,"m22":0,"m23":0,"m31":0,"m32":0,"m33":0},{"m11":0,"m12":0,"m13":0,"m21":0,"m22":0,"m23":0,"m31":0,"m32":0,"m33":0},{"m11":0,"m12":0,"m13":0,"m21":0,"m22":0,"m23":0,"m31":0,"m32":0,"m33":0}],"translation":[{"x":0,"y":0,"z":0},{"x":0,"y":0,"z":0},{"x":0,"y":0,"z":0},{"x":0,"y":0,"z":0}],"cameraSource":[0,0,0,0]}}},{"event":"telemetry","at":"2015-08-02T22:49:26.493Z","data":{"header":1432778632,"droneState":{"flying":1,"videoEnabled":0,"visionEnabled":0,"controlAlgorithm":0,"altitudeControlAlgorithm":1,"startButtonState":1,"controlCommandAck":0,"cameraReady":1,"travellingEnabled":0,"usbReady":0,"navdataDemo":1,"navdataBootstrap":0,"motorProblem":0,"communicationLost":0,"softwareFault":0,"lowBattery":0,"userEmergencyLanding":0,"timerElapsed":0,"MagnometerNeedsCalibration":0,"anglesOutOfRange":0,"tooMuchWind":0,"ultrasonicSensorDeaf":0,"cutoutDetected":0,"picVersionNumberOk":1,"atCodecThreadOn":1,"navdataThreadOn":1,"videoThreadOn":1,"acquisitionThreadOn":1,"controlWatchdogDelay":0,"adcWatchdogDelay":0,"comWatchdogProblem":0,"emergencyLanding":0},"sequenceNumber":2005,"visionFlag":0,"demo":{"controlState":"CTRL_TRANS_GOTOFIX","flyState":"FLYING_OK","batteryPercentage":83,"rotation":{"frontBack":-1.968,"pitch":-1.968,"theta":-1.968,"y":-1.968,"leftRight":2.176,"roll":2.176,"phi":2.176,"x":2.176,"clockwise":-3.015,"yaw":-3.015,"psi":-3.015,"z":-3.015},"frontBackDegrees":-1.968,"leftRightDegrees":2.176,"clockwiseDegrees":-3.015,"altitude":0,"altitudeMeters":0,"velocity":{"x":6.366081237792969,"y":6.680228233337402,"z":0},"xVelocity":6.366081237792969,"yVelocity":6.680228233337402,"zVelocity":0,"frameIndex":0,"detection":{"camera":{"rotation":{"m11":0,"m12":0,"m13":0,"m21":0,"m22":0,"m23":0,"m31":0,"m32":0,"m33":0},"translation":{"x":0,"y":0,"z":0},"type":3},"tagIndex":0},"drone":{"camera":{"rotation":{"m11":0.6931359767913818,"m12":0.7189887166023254,"m13":-0.05116431415081024,"m21":-0.719987690448761,"m22":0.693985104560852,"m23":-0.001601938158273697,"m31":0.03435549885034561,"m32":0.03794803470373154,"m33":0.9986889958381653},"translation":{"x":0.33375629782676697,"y":2.258866310119629,"z":0}}}},"visionDetect":{"nbDetected":0,"type":[0,0,0,0],"xc":[0,0,0,0],"yc":[0,0,0,0],"width":[0,0,0,0],"height":[0,0,0,0],"dist":[0,0,0,0],"orientationAngle":[0,0,0,0],"rotation":[{"m11":0,"m12":0,"m13":0,"m21":0,"m22":0,"m23":0,"m31":0,"m32":0,"m33":0},{"m11":0,"m12":0,"m13":0,"m21":0,"m22":0,"m23":0,"m31":0,"m32":0,"m33":0},{"m11":0,"m12":0,"m13":0,"m21":0,"m22":0,"m23":0,"m31":0,"m32":0,"m33":0},{"m11":0,"m12":0,"m13":0,"m21":0,"m22":0,"m23":0,"m31":0,"m32":0,"m33":0}],"translation":[{"x":0,"y":0,"z":0},{"x":0,"y":0,"z":0},{"x":0,"y":0,"z":0},{"x":0,"y":0,"z":0}],"cameraSource":[0,0,0,0]}}},{"event":"telemetry","at":"2015-08-02T22:49:26.596Z","data":{"header":1432778632,"droneState":{"flying":1,"videoEnabled":0,"visionEnabled":0,"controlAlgorithm":0,"altitudeControlAlgorithm":1,"startButtonState":1,"controlCommandAck":0,"cameraReady":1,"travellingEnabled":0,"usbReady":0,"navdataDemo":1,"navdataBootstrap":0,"motorProblem":0,"communicationLost":0,"softwareFault":0,"lowBattery":0,"userEmergencyLanding":0,"timerElapsed":0,"MagnometerNeedsCalibration":0,"anglesOutOfRange":0,"tooMuchWind":0,"ultrasonicSensorDeaf":0,"cutoutDetected":0,"picVersionNumberOk":1,"atCodecThreadOn":1,"navdataThreadOn":1,"videoThreadOn":1,"acquisitionThreadOn":1,"controlWatchdogDelay":0,"adcWatchdogDelay":0,"comWatchdogProblem":0,"emergencyLanding":0},"sequenceNumber":2006,"visionFlag":0,"demo":{"controlState":"CTRL_TRANS_GOTOFIX","flyState":"FLYING_OK","batteryPercentage":83,"rotation":{"frontBack":-1.965,"pitch":-1.965,"theta":-1.965,"y":-1.965,"leftRight":2.176,"roll":2.176,"phi":2.176,"x":2.176,"clockwise":-3.018,"yaw":-3.018,"psi":-3.018,"z":-3.018},"frontBackDegrees":-1.965,"leftRightDegrees":2.176,"clockwiseDegrees":-3.018,"altitude":0,"altitudeMeters":0,"velocity":{"x":17.98961639404297,"y":19.029930114746094,"z":0},"xVelocity":17.98961639404297,"yVelocity":19.029930114746094,"zVelocity":0,"frameIndex":0,"detection":{"camera":{"rotation":{"m11":0,"m12":0,"m13":0,"m21":0,"m22":0,"m23":0,"m31":0,"m32":0,"m33":0},"translation":{"x":0,"y":0,"z":0},"type":3},"tagIndex":0},"drone":{"camera":{"rotation":{"m11":0.6930948495864868,"m12":0.719031035900116,"m13":-0.051126670092344284,"m21":-0.7200301289558411,"m22":0.6939408779144287,"m23":-0.001646408811211586,"m31":0.03429507091641426,"m32":0.03795386105775833,"m33":0.9986908435821533},"translation":{"x":1.2008955478668213,"y":3.0837690830230713,"z":0}}}},"visionDetect":{"nbDetected":0,"type":[0,0,0,0],"xc":[0,0,0,0],"yc":[0,0,0,0],"width":[0,0,0,0],"height":[0,0,0,0],"dist":[0,0,0,0],"orientationAngle":[0,0,0,0],"rotation":[{"m11":0,"m12":0,"m13":0,"m21":0,"m22":0,"m23":0,"m31":0,"m32":0,"m33":0},{"m11":0,"m12":0,"m13":0,"m21":0,"m22":0,"m23":0,"m31":0,"m32":0,"m33":0},{"m11":0,"m12":0,"m13":0,"m21":0,"m22":0,"m23":0,"m31":0,"m32":0,"m33":0},{"m11":0,"m12":0,"m13":0,"m21":0,"m22":0,"m23":0,"m31":0,"m32":0,"m33":0}],"translation":[{"x":0,"y":0,"z":0},{"x":0,"y":0,"z":0},{"x":0,"y":0,"z":0},{"x":0,"y":0,"z":0}],"cameraSource":[0,0,0,0]}}},{"event":"telemetry","at":"2015-08-02T22:49:26.656Z","data":{"header":1432778632,"droneState":{"flying":1,"videoEnabled":0,"visionEnabled":0,"controlAlgorithm":0,"altitudeControlAlgorithm":1,"startButtonState":1,"controlCommandAck":0,"cameraReady":1,"travellingEnabled":0,"usbReady":0,"navdataDemo":1,"navdataBootstrap":0,"motorProblem":0,"communicationLost":0,"softwareFault":0,"lowBattery":0,"userEmergencyLanding":0,"timerElapsed":0,"MagnometerNeedsCalibration":0,"anglesOutOfRange":0,"tooMuchWind":0,"ultrasonicSensorDeaf":0,"cutoutDetected":0,"picVersionNumberOk":1,"atCodecThreadOn":1,"navdataThreadOn":1,"videoThreadOn":1,"acquisitionThreadOn":1,"controlWatchdogDelay":0,"adcWatchdogDelay":0,"comWatchdogProblem":0,"emergencyLanding":0},"sequenceNumber":2007,"visionFlag":0,"demo":{"controlState":"CTRL_TRANS_GOTOFIX","flyState":"FLYING_OK","batteryPercentage":83,"rotation":{"frontBack":-1.964,"pitch":-1.964,"theta":-1.964,"y":-1.964,"leftRight":2.175,"roll":2.175,"phi":2.175,"x":2.175,"clockwise":-3.021,"yaw":-3.021,"psi":-3.021,"z":-3.021},"frontBackDegrees":-1.964,"leftRightDegrees":2.175,"clockwiseDegrees":-3.021,"altitude":0,"altitudeMeters":0,"velocity":{"x":29.369815826416016,"y":30.886281967163086,"z":0},"xVelocity":29.369815826416016,"yVelocity":30.886281967163086,"zVelocity":0,"frameIndex":0,"detection":{"camera":{"rotation":{"m11":0,"m12":0,"m13":0,"m21":0,"m22":0,"m23":0,"m31":0,"m32":0,"m33":0},"translation":{"x":0,"y":0,"z":0},"type":3},"tagIndex":0},"drone":{"camera":{"rotation":{"m11":0.6930598020553589,"m12":0.7190658450126648,"m13":-0.05111265182495117,"m21":-0.7200643420219421,"m22":0.6939053535461426,"m23":-0.001644005998969078,"m31":0.034285202622413635,"m32":0.03794378787279129,"m33":0.9986915588378906},"translation":{"x":2.855015516281128,"y":4.652828216552734,"z":0}}}},"visionDetect":{"nbDetected":0,"type":[0,0,0,0],"xc":[0,0,0,0],"yc":[0,0,0,0],"width":[0,0,0,0],"height":[0,0,0,0],"dist":[0,0,0,0],"orientationAngle":[0,0,0,0],"rotation":[{"m11":0,"m12":0,"m13":0,"m21":0,"m22":0,"m23":0,"m31":0,"m32":0,"m33":0},{"m11":0,"m12":0,"m13":0,"m21":0,"m22":0,"m23":0,"m31":0,"m32":0,"m33":0},{"m11":0,"m12":0,"m13":0,"m21":0,"m22":0,"m23":0,"m31":0,"m32":0,"m33":0},{"m11":0,"m12":0,"m13":0,"m21":0,"m22":0,"m23":0,"m31":0,"m32":0,"m33":0}],"translation":[{"x":0,"y":0,"z":0},{"x":0,"y":0,"z":0},{"x":0,"y":0,"z":0},{"x":0,"y":0,"z":0}],"cameraSource":[0,0,0,0]}}},{"event":"telemetry","at":"2015-08-02T22:49:26.693Z","data":{"header":1432778632,"droneState":{"flying":1,"videoEnabled":0,"visionEnabled":0,"controlAlgorithm":0,"altitudeControlAlgorithm":1,"startButtonState":1,"controlCommandAck":0,"cameraReady":1,"travellingEnabled":0,"usbReady":0,"navdataDemo":1,"navdataBootstrap":0,"motorProblem":0,"communicationLost":0,"softwareFault":0,"lowBattery":0,"userEmergencyLanding":0,"timerElapsed":0,"MagnometerNeedsCalibration":0,"anglesOutOfRange":0,"tooMuchWind":0,"ultrasonicSensorDeaf":0,"cutoutDetected":0,"picVersionNumberOk":1,"atCodecThreadOn":1,"navdataThreadOn":1,"videoThreadOn":1,"acquisitionThreadOn":1,"controlWatchdogDelay":0,"adcWatchdogDelay":0,"comWatchdogProblem":0,"emergencyLanding":0},"sequenceNumber":2008,"visionFlag":0,"demo":{"controlState":"CTRL_TRANS_GOTOFIX","flyState":"FLYING_OK","batteryPercentage":83,"rotation":{"frontBack":-1.961,"pitch":-1.961,"theta":-1.961,"y":-1.961,"leftRight":2.176,"roll":2.176,"phi":2.176,"x":2.176,"clockwise":-3.024,"yaw":-3.024,"psi":-3.024,"z":-3.024},"frontBackDegrees":-1.961,"leftRightDegrees":2.176,"clockwiseDegrees":-3.024,"altitude":0,"altitudeMeters":0,"velocity":{"x":40.1179084777832,"y":42.636959075927734,"z":0},"xVelocity":40.1179084777832,"yVelocity":42.636959075927734,"zVelocity":0,"frameIndex":0,"detection":{"camera":{"rotation":{"m11":0,"m12":0,"m13":0,"m21":0,"m22":0,"m23":0,"m31":0,"m32":0,"m33":0},"translation":{"x":0,"y":0,"z":0},"type":3},"tagIndex":0},"drone":{"camera":{"rotation":{"m11":0.693019449710846,"m12":0.7191063165664673,"m13":-0.05109034851193428,"m21":-0.7201055288314819,"m22":0.6938624978065491,"m23":-0.0016885101795196533,"m31":0.03423545882105827,"m32":0.037960611283779144,"m33":0.9986926317214966},"translation":{"x":5.261808395385742,"y":6.9493327140808105,"z":0}}}},"visionDetect":{"nbDetected":0,"type":[0,0,0,0],"xc":[0,0,0,0],"yc":[0,0,0,0],"width":[0,0,0,0],"height":[0,0,0,0],"dist":[0,0,0,0],"orientationAngle":[0,0,0,0],"rotation":[{"m11":0,"m12":0,"m13":0,"m21":0,"m22":0,"m23":0,"m31":0,"m32":0,"m33":0},{"m11":0,"m12":0,"m13":0,"m21":0,"m22":0,"m23":0,"m31":0,"m32":0,"m33":0},{"m11":0,"m12":0,"m13":0,"m21":0,"m22":0,"m23":0,"m31":0,"m32":0,"m33":0},{"m11":0,"m12":0,"m13":0,"m21":0,"m22":0,"m23":0,"m31":0,"m32":0,"m33":0}],"translation":[{"x":0,"y":0,"z":0},{"x":0,"y":0,"z":0},{"x":0,"y":0,"z":0},{"x":0,"y":0,"z":0}],"cameraSource":[0,0,0,0]}}},{"event":"telemetry","at":"2015-08-02T22:49:26.758Z","data":{"header":1432778632,"droneState":{"flying":1,"videoEnabled":0,"visionEnabled":0,"controlAlgorithm":0,"altitudeControlAlgorithm":1,"startButtonState":1,"controlCommandAck":0,"cameraReady":1,"travellingEnabled":0,"usbReady":0,"navdataDemo":1,"navdataBootstrap":0,"motorProblem":0,"communicationLost":0,"softwareFault":0,"lowBattery":0,"userEmergencyLanding":0,"timerElapsed":0,"MagnometerNeedsCalibration":0,"anglesOutOfRange":0,"tooMuchWind":0,"ultrasonicSensorDeaf":0,"cutoutDetected":0,"picVersionNumberOk":1,"atCodecThreadOn":1,"navdataThreadOn":1,"videoThreadOn":1,"acquisitionThreadOn":1,"controlWatchdogDelay":0,"adcWatchdogDelay":0,"comWatchdogProblem":0,"emergencyLanding":0},"sequenceNumber":2009,"visionFlag":0,"demo":{"controlState":"CTRL_TRANS_GOTOFIX","flyState":"FLYING_OK","batteryPercentage":83,"rotation":{"frontBack":-1.96,"pitch":-1.96,"theta":-1.96,"y":-1.96,"leftRight":2.179,"roll":2.179,"phi":2.179,"x":2.179,"clockwise":-3.026,"yaw":-3.026,"psi":-3.026,"z":-3.026},"frontBackDegrees":-1.96,"leftRightDegrees":2.179,"clockwiseDegrees":-3.026,"altitude":0,"altitudeMeters":0,"velocity":{"x":51.03688049316406,"y":53.902984619140625,"z":0},"xVelocity":51.03688049316406,"yVelocity":53.902984619140625,"zVelocity":0,"frameIndex":0,"detection":{"camera":{"rotation":{"m11":0,"m12":0,"m13":0,"m21":0,"m22":0,"m23":0,"m31":0,"m32":0,"m33":0},"translation":{"x":0,"y":0,"z":0},"type":3},"tagIndex":0},"drone":{"camera":{"rotation":{"m11":0.6929918527603149,"m12":0.7191317081451416,"m13":-0.05110748112201691,"m21":-0.7201336622238159,"m22":0.6938332319259644,"m23":-0.001747913658618927,"m31":0.03420308977365494,"m32":0.03801550343632698,"m33":0.9986916184425354},"translation":{"x":8.415993690490723,"y":9.95403003692627,"z":0}}}},"visionDetect":{"nbDetected":0,"type":[0,0,0,0],"xc":[0,0,0,0],"yc":[0,0,0,0],"width":[0,0,0,0],"height":[0,0,0,0],"dist":[0,0,0,0],"orientationAngle":[0,0,0,0],"rotation":[{"m11":0,"m12":0,"m13":0,"m21":0,"m22":0,"m23":0,"m31":0,"m32":0,"m33":0},{"m11":0,"m12":0,"m13":0,"m21":0,"m22":0,"m23":0,"m31":0,"m32":0,"m33":0},{"m11":0,"m12":0,"m13":0,"m21":0,"m22":0,"m23":0,"m31":0,"m32":0,"m33":0},{"m11":0,"m12":0,"m13":0,"m21":0,"m22":0,"m23":0,"m31":0,"m32":0,"m33":0}],"translation":[{"x":0,"y":0,"z":0},{"x":0,"y":0,"z":0},{"x":0,"y":0,"z":0},{"x":0,"y":0,"z":0}],"cameraSource":[0,0,0,0]}}},{"event":"telemetry","at":"2015-08-02T22:49:26.825Z","data":{"header":1432778632,"droneState":{"flying":1,"videoEnabled":0,"visionEnabled":0,"controlAlgorithm":0,"altitudeControlAlgorithm":1,"startButtonState":1,"controlCommandAck":0,"cameraReady":1,"travellingEnabled":0,"usbReady":0,"navdataDemo":1,"navdataBootstrap":0,"motorProblem":0,"communicationLost":0,"softwareFault":0,"lowBattery":0,"userEmergencyLanding":0,"timerElapsed":0,"MagnometerNeedsCalibration":0,"anglesOutOfRange":0,"tooMuchWind":0,"ultrasonicSensorDeaf":0,"cutoutDetected":0,"picVersionNumberOk":1,"atCodecThreadOn":1,"navdataThreadOn":1,"videoThreadOn":1,"acquisitionThreadOn":1,"controlWatchdogDelay":0,"adcWatchdogDelay":0,"comWatchdogProblem":0,"emergencyLanding":0},"sequenceNumber":2010,"visionFlag":0,"demo":{"controlState":"CTRL_TRANS_GOTOFIX","flyState":"FLYING_OK","batteryPercentage":83,"rotation":{"frontBack":-1.956,"pitch":-1.956,"theta":-1.956,"y":-1.956,"leftRight":2.183,"roll":2.183,"phi":2.183,"x":2.183,"clockwise":-3.028,"yaw":-3.028,"psi":-3.028,"z":-3.028},"frontBackDegrees":-1.956,"leftRightDegrees":2.183,"clockwiseDegrees":-3.028,"altitude":0,"altitudeMeters":0,"velocity":{"x":61.67118835449219,"y":64.92431640625,"z":0},"xVelocity":61.67118835449219,"yVelocity":64.92431640625,"zVelocity":0,"frameIndex":0,"detection":{"camera":{"rotation":{"m11":0,"m12":0,"m13":0,"m21":0,"m22":0,"m23":0,"m31":0,"m32":0,"m33":0},"translation":{"x":0,"y":0,"z":0},"type":3},"tagIndex":0},"drone":{"camera":{"rotation":{"m11":0.692968487739563,"m12":0.7191541790962219,"m13":-0.05110800638794899,"m21":-0.7201588749885559,"m22":0.6938068270683289,"m23":-0.0018258467316627502,"m31":0.0341460220515728,"m32":0.03807113692164421,"m33":0.9986914992332458},"translation":{"x":12.307229995727539,"y":13.644624710083008,"z":0}}}},"visionDetect":{"nbDetected":0,"type":[0,0,0,0],"xc":[0,0,0,0],"yc":[0,0,0,0],"width":[0,0,0,0],"height":[0,0,0,0],"dist":[0,0,0,0],"orientationAngle":[0,0,0,0],"rotation":[{"m11":0,"m12":0,"m13":0,"m21":0,"m22":0,"m23":0,"m31":0,"m32":0,"m33":0},{"m11":0,"m12":0,"m13":0,"m21":0,"m22":0,"m23":0,"m31":0,"m32":0,"m33":0},{"m11":0,"m12":0,"m13":0,"m21":0,"m22":0,"m23":0,"m31":0,"m32":0,"m33":0},{"m11":0,"m12":0,"m13":0,"m21":0,"m22":0,"m23":0,"m31":0,"m32":0,"m33":0}],"translation":[{"x":0,"y":0,"z":0},{"x":0,"y":0,"z":0},{"x":0,"y":0,"z":0},{"x":0,"y":0,"z":0}],"cameraSource":[0,0,0,0]}}},{"event":"telemetry","at":"2015-08-02T22:49:26.891Z","data":{"header":1432778632,"droneState":{"flying":1,"videoEnabled":0,"visionEnabled":0,"controlAlgorithm":0,"altitudeControlAlgorithm":1,"startButtonState":1,"controlCommandAck":0,"cameraReady":1,"travellingEnabled":0,"usbReady":0,"navdataDemo":1,"navdataBootstrap":0,"motorProblem":0,"communicationLost":0,"softwareFault":0,"lowBattery":0,"userEmergencyLanding":0,"timerElapsed":0,"MagnometerNeedsCalibration":0,"anglesOutOfRange":0,"tooMuchWind":0,"ultrasonicSensorDeaf":0,"cutoutDetected":0,"picVersionNumberOk":1,"atCodecThreadOn":1,"navdataThreadOn":1,"videoThreadOn":1,"acquisitionThreadOn":1,"controlWatchdogDelay":0,"adcWatchdogDelay":0,"comWatchdogProblem":0,"emergencyLanding":0},"sequenceNumber":2011,"visionFlag":0,"demo":{"controlState":"CTRL_TRANS_GOTOFIX","flyState":"FLYING_OK","batteryPercentage":83,"rotation":{"frontBack":-1.953,"pitch":-1.953,"theta":-1.953,"y":-1.953,"leftRight":2.184,"roll":2.184,"phi":2.184,"x":2.184,"clockwise":-3.029,"yaw":-3.029,"psi":-3.029,"z":-3.029},"frontBackDegrees":-1.953,"leftRightDegrees":2.184,"clockwiseDegrees":-3.029,"altitude":0,"altitudeMeters":0,"velocity":{"x":72.08409881591797,"y":75.68352508544922,"z":0},"xVelocity":72.08409881591797,"yVelocity":75.68352508544922,"zVelocity":0,"frameIndex":0,"detection":{"camera":{"rotation":{"m11":0,"m12":0,"m13":0,"m21":0,"m22":0,"m23":0,"m31":0,"m32":0,"m33":0},"translation":{"x":0,"y":0,"z":0},"type":3},"tagIndex":0},"drone":{"camera":{"rotation":{"m11":0.6929631233215332,"m12":0.7191606760025024,"m13":-0.05108924210071564,"m21":-0.7201665639877319,"m22":0.6937986612319946,"m23":-0.0018809773027896881,"m31":0.03409292548894882,"m32":0.03809620812535286,"m33":0.9986923336982727},"translation":{"x":16.91863250732422,"y":18.005130767822266,"z":0}}}},"visionDetect":{"nbDetected":0,"type":[0,0,0,0],"xc":[0,0,0,0],"yc":[0,0,0,0],"width":[0,0,0,0],"height":[0,0,0,0],"dist":[0,0,0,0],"orientationAngle":[0,0,0,0],"rotation":[{"m11":0,"m12":0,"m13":0,"m21":0,"m22":0,"m23":0,"m31":0,"m32":0,"m33":0},{"m11":0,"m12":0,"m13":0,"m21":0,"m22":0,"m23":0,"m31":0,"m32":0,"m33":0},{"m11":0,"m12":0,"m13":0,"m21":0,"m22":0,"m23":0,"m31":0,"m32":0,"m33":0},{"m11":0,"m12":0,"m13":0,"m21":0,"m22":0,"m23":0,"m31":0,"m32":0,"m33":0}],"translation":[{"x":0,"y":0,"z":0},{"x":0,"y":0,"z":0},{"x":0,"y":0,"z":0},{"x":0,"y":0,"z":0}],"cameraSource":[0,0,0,0]}}},{"event":"telemetry","at":"2015-08-02T22:49:27.027Z","data":{"header":1432778632,"droneState":{"flying":1,"videoEnabled":0,"visionEnabled":0,"controlAlgorithm":0,"altitudeControlAlgorithm":1,"startButtonState":1,"controlCommandAck":0,"cameraReady":1,"travellingEnabled":0,"usbReady":0,"navdataDemo":1,"navdataBootstrap":0,"motorProblem":0,"communicationLost":0,"softwareFault":0,"lowBattery":0,"userEmergencyLanding":0,"timerElapsed":0,"MagnometerNeedsCalibration":0,"anglesOutOfRange":0,"tooMuchWind":0,"ultrasonicSensorDeaf":0,"cutoutDetected":0,"picVersionNumberOk":1,"atCodecThreadOn":1,"navdataThreadOn":1,"videoThreadOn":1,"acquisitionThreadOn":1,"controlWatchdogDelay":0,"adcWatchdogDelay":0,"comWatchdogProblem":0,"emergencyLanding":0},"sequenceNumber":2012,"visionFlag":0,"demo":{"controlState":"CTRL_TRANS_GOTOFIX","flyState":"FLYING_OK","batteryPercentage":83,"rotation":{"frontBack":-1.948,"pitch":-1.948,"theta":-1.948,"y":-1.948,"leftRight":2.19,"roll":2.19,"phi":2.19,"x":2.19,"clockwise":-3.034,"yaw":-3.034,"psi":-3.034,"z":-3.034},"frontBackDegrees":-1.948,"leftRightDegrees":2.19,"clockwiseDegrees":-3.034,"altitude":0,"altitudeMeters":0,"velocity":{"x":82.38764953613281,"y":86.26876831054688,"z":0},"xVelocity":82.38764953613281,"yVelocity":86.26876831054688,"zVelocity":0,"frameIndex":0,"detection":{"camera":{"rotation":{"m11":0,"m12":0,"m13":0,"m21":0,"m22":0,"m23":0,"m31":0,"m32":0,"m33":0},"translation":{"x":0,"y":0,"z":0},"type":3},"tagIndex":0},"drone":{"camera":{"rotation":{"m11":0.6929036974906921,"m12":0.7192168235778809,"m13":-0.051104504615068436,"m21":-0.7202277183532715,"m22":0.693734884262085,"m23":-0.00200783833861351,"m31":0.03400890901684761,"m32":0.038198113441467285,"m33":0.9986912608146667},"translation":{"x":22.235727310180664,"y":23.019742965698242,"z":0}}}},"visionDetect":{"nbDetected":0,"type":[0,0,0,0],"xc":[0,0,0,0],"yc":[0,0,0,0],"width":[0,0,0,0],"height":[0,0,0,0],"dist":[0,0,0,0],"orientationAngle":[0,0,0,0],"rotation":[{"m11":0,"m12":0,"m13":0,"m21":0,"m22":0,"m23":0,"m31":0,"m32":0,"m33":0},{"m11":0,"m12":0,"m13":0,"m21":0,"m22":0,"m23":0,"m31":0,"m32":0,"m33":0},{"m11":0,"m12":0,"m13":0,"m21":0,"m22":0,"m23":0,"m31":0,"m32":0,"m33":0},{"m11":0,"m12":0,"m13":0,"m21":0,"m22":0,"m23":0,"m31":0,"m32":0,"m33":0}],"translation":[{"x":0,"y":0,"z":0},{"x":0,"y":0,"z":0},{"x":0,"y":0,"z":0},{"x":0,"y":0,"z":0}],"cameraSource":[0,0,0,0]}}},{"event":"telemetry","at":"2015-08-02T22:49:27.027Z","data":{"header":1432778632,"droneState":{"flying":1,"videoEnabled":0,"visionEnabled":0,"controlAlgorithm":0,"altitudeControlAlgorithm":1,"startButtonState":1,"controlCommandAck":0,"cameraReady":1,"travellingEnabled":0,"usbReady":0,"navdataDemo":1,"navdataBootstrap":0,"motorProblem":0,"communicationLost":0,"softwareFault":0,"lowBattery":0,"userEmergencyLanding":0,"timerElapsed":0,"MagnometerNeedsCalibration":0,"anglesOutOfRange":0,"tooMuchWind":0,"ultrasonicSensorDeaf":0,"cutoutDetected":0,"picVersionNumberOk":1,"atCodecThreadOn":1,"navdataThreadOn":1,"videoThreadOn":1,"acquisitionThreadOn":1,"controlWatchdogDelay":0,"adcWatchdogDelay":0,"comWatchdogProblem":0,"emergencyLanding":0},"sequenceNumber":2013,"visionFlag":0,"demo":{"controlState":"CTRL_TRANS_GOTOFIX","flyState":"FLYING_OK","batteryPercentage":83,"rotation":{"frontBack":-1.931,"pitch":-1.931,"theta":-1.931,"y":-1.931,"leftRight":2.194,"roll":2.194,"phi":2.194,"x":2.194,"clockwise":-3.035,"yaw":-3.035,"psi":-3.035,"z":-3.035},"frontBackDegrees":-1.931,"leftRightDegrees":2.194,"clockwiseDegrees":-3.035,"altitude":0,"altitudeMeters":0,"velocity":{"x":93.8408432006836,"y":96.54540252685547,"z":0},"xVelocity":93.8408432006836,"yVelocity":96.54540252685547,"zVelocity":0,"frameIndex":0,"detection":{"camera":{"rotation":{"m11":0,"m12":0,"m13":0,"m21":0,"m22":0,"m23":0,"m31":0,"m32":0,"m33":0},"translation":{"x":0,"y":0,"z":0},"type":3},"tagIndex":0},"drone":{"camera":{"rotation":{"m11":0.6928885579109192,"m12":0.7192433476448059,"m13":-0.05093639716506004,"m21":-0.7202569842338562,"m22":0.6937037110328674,"m23":-0.0022779852151870728,"m31":0.03369634225964546,"m32":0.03826567903161049,"m33":0.9986993074417114},"translation":{"x":28.286426544189453,"y":28.66764259338379,"z":0}}}},"visionDetect":{"nbDetected":0,"type":[0,0,0,0],"xc":[0,0,0,0],"yc":[0,0,0,0],"width":[0,0,0,0],"height":[0,0,0,0],"dist":[0,0,0,0],"orientationAngle":[0,0,0,0],"rotation":[{"m11":0,"m12":0,"m13":0,"m21":0,"m22":0,"m23":0,"m31":0,"m32":0,"m33":0},{"m11":0,"m12":0,"m13":0,"m21":0,"m22":0,"m23":0,"m31":0,"m32":0,"m33":0},{"m11":0,"m12":0,"m13":0,"m21":0,"m22":0,"m23":0,"m31":0,"m32":0,"m33":0},{"m11":0,"m12":0,"m13":0,"m21":0,"m22":0,"m23":0,"m31":0,"m32":0,"m33":0}],"translation":[{"x":0,"y":0,"z":0},{"x":0,"y":0,"z":0},{"x":0,"y":0,"z":0},{"x":0,"y":0,"z":0}],"cameraSource":[0,0,0,0]}}},{"event":"telemetry","at":"2015-08-02T22:49:27.078Z","data":{"header":1432778632,"droneState":{"flying":1,"videoEnabled":0,"visionEnabled":0,"controlAlgorithm":0,"altitudeControlAlgorithm":1,"startButtonState":1,"controlCommandAck":0,"cameraReady":1,"travellingEnabled":0,"usbReady":0,"navdataDemo":1,"navdataBootstrap":0,"motorProblem":0,"communicationLost":0,"softwareFault":0,"lowBattery":0,"userEmergencyLanding":0,"timerElapsed":0,"MagnometerNeedsCalibration":0,"anglesOutOfRange":0,"tooMuchWind":0,"ultrasonicSensorDeaf":0,"cutoutDetected":0,"picVersionNumberOk":1,"atCodecThreadOn":1,"navdataThreadOn":1,"videoThreadOn":1,"acquisitionThreadOn":1,"controlWatchdogDelay":0,"adcWatchdogDelay":0,"comWatchdogProblem":0,"emergencyLanding":0},"sequenceNumber":2014,"visionFlag":0,"demo":{"controlState":"CTRL_TRANS_GOTOFIX","flyState":"FLYING_OK","batteryPercentage":83,"rotation":{"frontBack":-1.905,"pitch":-1.905,"theta":-1.905,"y":-1.905,"leftRight":2.202,"roll":2.202,"phi":2.202,"x":2.202,"clockwise":-3.02,"yaw":-3.02,"psi":-3.02,"z":-3.02},"frontBackDegrees":-1.905,"leftRightDegrees":2.202,"clockwiseDegrees":-3.02,"altitude":0,"altitudeMeters":0,"velocity":{"x":106.94193267822266,"y":105.89332580566406,"z":0},"xVelocity":106.94193267822266,"yVelocity":105.89332580566406,"zVelocity":0,"frameIndex":0,"detection":{"camera":{"rotation":{"m11":0,"m12":0,"m13":0,"m21":0,"m22":0,"m23":0,"m31":0,"m32":0,"m33":0},"translation":{"x":0,"y":0,"z":0},"type":3},"tagIndex":0},"drone":{"camera":{"rotation":{"m11":0.693090558052063,"m12":0.7190633416175842,"m13":-0.05072899907827377,"m21":-0.7200830578804016,"m22":0.6938827037811279,"m23":-0.0027030259370803833,"m31":0.03325632959604263,"m32":0.038402535021305084,"m33":0.9987088441848755},"translation":{"x":35.176570892333984,"y":34.93491744995117,"z":0}}}},"visionDetect":{"nbDetected":0,"type":[0,0,0,0],"xc":[0,0,0,0],"yc":[0,0,0,0],"width":[0,0,0,0],"height":[0,0,0,0],"dist":[0,0,0,0],"orientationAngle":[0,0,0,0],"rotation":[{"m11":0,"m12":0,"m13":0,"m21":0,"m22":0,"m23":0,"m31":0,"m32":0,"m33":0},{"m11":0,"m12":0,"m13":0,"m21":0,"m22":0,"m23":0,"m31":0,"m32":0,"m33":0},{"m11":0,"m12":0,"m13":0,"m21":0,"m22":0,"m23":0,"m31":0,"m32":0,"m33":0},{"m11":0,"m12":0,"m13":0,"m21":0,"m22":0,"m23":0,"m31":0,"m32":0,"m33":0}],"translation":[{"x":0,"y":0,"z":0},{"x":0,"y":0,"z":0},{"x":0,"y":0,"z":0},{"x":0,"y":0,"z":0}],"cameraSource":[0,0,0,0]}}},{"event":"telemetry","at":"2015-08-02T22:49:27.144Z","data":{"header":1432778632,"droneState":{"flying":1,"videoEnabled":0,"visionEnabled":0,"controlAlgorithm":0,"altitudeControlAlgorithm":1,"startButtonState":1,"controlCommandAck":0,"cameraReady":1,"travellingEnabled":0,"usbReady":0,"navdataDemo":1,"navdataBootstrap":0,"motorProblem":0,"communicationLost":0,"softwareFault":0,"lowBattery":0,"userEmergencyLanding":0,"timerElapsed":0,"MagnometerNeedsCalibration":0,"anglesOutOfRange":0,"tooMuchWind":0,"ultrasonicSensorDeaf":0,"cutoutDetected":0,"picVersionNumberOk":1,"atCodecThreadOn":1,"navdataThreadOn":1,"videoThreadOn":1,"acquisitionThreadOn":1,"controlWatchdogDelay":0,"adcWatchdogDelay":0,"comWatchdogProblem":0,"emergencyLanding":0},"sequenceNumber":2015,"visionFlag":0,"demo":{"controlState":"CTRL_TRANS_GOTOFIX","flyState":"FLYING_OK","batteryPercentage":83,"rotation":{"frontBack":-1.882,"pitch":-1.882,"theta":-1.882,"y":-1.882,"leftRight":2.199,"roll":2.199,"phi":2.199,"x":2.199,"clockwise":-3.046,"yaw":-3.046,"psi":-3.046,"z":-3.046},"frontBackDegrees":-1.882,"leftRightDegrees":2.199,"clockwiseDegrees":-3.046,"altitude":0,"altitudeMeters":0,"velocity":{"x":119.09494018554688,"y":116.5639419555664,"z":0},"xVelocity":119.09494018554688,"yVelocity":116.5639419555664,"zVelocity":0,"frameIndex":0,"detection":{"camera":{"rotation":{"m11":0,"m12":0,"m13":0,"m21":0,"m22":0,"m23":0,"m31":0,"m32":0,"m33":0},"translation":{"x":0,"y":0,"z":0},"type":3},"tagIndex":0},"drone":{"camera":{"rotation":{"m11":0.6927766799926758,"m12":0.7193875312805176,"m13":-0.050418172031641006,"m21":-0.7204034328460693,"m22":0.6935490369796753,"m23":-0.002938799560070038,"m31":0.03285333886742592,"m32":0.03835735470056534,"m33":0.9987238645553589},"translation":{"x":42.9144172668457,"y":41.81177520751953,"z":0}}}},"visionDetect":{"nbDetected":0,"type":[0,0,0,0],"xc":[0,0,0,0],"yc":[0,0,0,0],"width":[0,0,0,0],"height":[0,0,0,0],"dist":[0,0,0,0],"orientationAngle":[0,0,0,0],"rotation":[{"m11":0,"m12":0,"m13":0,"m21":0,"m22":0,"m23":0,"m31":0,"m32":0,"m33":0},{"m11":0,"m12":0,"m13":0,"m21":0,"m22":0,"m23":0,"m31":0,"m32":0,"m33":0},{"m11":0,"m12":0,"m13":0,"m21":0,"m22":0,"m23":0,"m31":0,"m32":0,"m33":0},{"m11":0,"m12":0,"m13":0,"m21":0,"m22":0,"m23":0,"m31":0,"m32":0,"m33":0}],"translation":[{"x":0,"y":0,"z":0},{"x":0,"y":0,"z":0},{"x":0,"y":0,"z":0},{"x":0,"y":0,"z":0}],"cameraSource":[0,0,0,0]}}},{"event":"telemetry","at":"2015-08-02T22:49:27.209Z","data":{"header":1432778632,"droneState":{"flying":1,"videoEnabled":0,"visionEnabled":0,"controlAlgorithm":0,"altitudeControlAlgorithm":1,"startButtonState":1,"controlCommandAck":0,"cameraReady":1,"travellingEnabled":0,"usbReady":0,"navdataDemo":1,"navdataBootstrap":0,"motorProblem":0,"communicationLost":0,"softwareFault":0,"lowBattery":0,"userEmergencyLanding":0,"timerElapsed":0,"MagnometerNeedsCalibration":0,"anglesOutOfRange":0,"tooMuchWind":0,"ultrasonicSensorDeaf":0,"cutoutDetected":0,"picVersionNumberOk":1,"atCodecThreadOn":1,"navdataThreadOn":1,"videoThreadOn":1,"acquisitionThreadOn":1,"controlWatchdogDelay":0,"adcWatchdogDelay":0,"comWatchdogProblem":0,"emergencyLanding":0},"sequenceNumber":2016,"visionFlag":0,"demo":{"controlState":"CTRL_TRANS_GOTOFIX","flyState":"FLYING_OK","batteryPercentage":83,"rotation":{"frontBack":-1.868,"pitch":-1.868,"theta":-1.868,"y":-1.868,"leftRight":2.188,"roll":2.188,"phi":2.188,"x":2.188,"clockwise":-3.046,"yaw":-3.046,"psi":-3.046,"z":-3.046},"frontBackDegrees":-1.868,"leftRightDegrees":2.188,"clockwiseDegrees":-3.046,"altitude":0,"altitudeMeters":0,"velocity":{"x":130.27198791503906,"y":126.48564910888672,"z":0},"xVelocity":130.27198791503906,"yVelocity":126.48564910888672,"zVelocity":0,"frameIndex":0,"detection":{"camera":{"rotation":{"m11":0,"m12":0,"m13":0,"m21":0,"m22":0,"m23":0,"m31":0,"m32":0,"m33":0},"translation":{"x":0,"y":0,"z":0},"type":3},"tagIndex":0},"drone":{"camera":{"rotation":{"m11":0.6927788257598877,"m12":0.71940678358078,"m13":-0.05011302977800369,"m21":-0.7204126715660095,"m22":0.6935390830039978,"m23":-0.002991829067468643,"m31":0.032603003084659576,"m32":0.038174744695425034,"m33":0.9987390637397766},"translation":{"x":51.46860122680664,"y":49.31093215942383,"z":0}}}},"visionDetect":{"nbDetected":0,"type":[0,0,0,0],"xc":[0,0,0,0],"yc":[0,0,0,0],"width":[0,0,0,0],"height":[0,0,0,0],"dist":[0,0,0,0],"orientationAngle":[0,0,0,0],"rotation":[{"m11":0,"m12":0,"m13":0,"m21":0,"m22":0,"m23":0,"m31":0,"m32":0,"m33":0},{"m11":0,"m12":0,"m13":0,"m21":0,"m22":0,"m23":0,"m31":0,"m32":0,"m33":0},{"m11":0,"m12":0,"m13":0,"m21":0,"m22":0,"m23":0,"m31":0,"m32":0,"m33":0},{"m11":0,"m12":0,"m13":0,"m21":0,"m22":0,"m23":0,"m31":0,"m32":0,"m33":0}],"translation":[{"x":0,"y":0,"z":0},{"x":0,"y":0,"z":0},{"x":0,"y":0,"z":0},{"x":0,"y":0,"z":0}],"cameraSource":[0,0,0,0]}}},{"event":"telemetry","at":"2015-08-02T22:49:27.275Z","data":{"header":1432778632,"droneState":{"flying":1,"videoEnabled":0,"visionEnabled":0,"controlAlgorithm":0,"altitudeControlAlgorithm":1,"startButtonState":1,"controlCommandAck":0,"cameraReady":1,"travellingEnabled":0,"usbReady":0,"navdataDemo":1,"navdataBootstrap":0,"motorProblem":0,"communicationLost":0,"softwareFault":0,"lowBattery":0,"userEmergencyLanding":0,"timerElapsed":0,"MagnometerNeedsCalibration":0,"anglesOutOfRange":0,"tooMuchWind":0,"ultrasonicSensorDeaf":0,"cutoutDetected":0,"picVersionNumberOk":1,"atCodecThreadOn":1,"navdataThreadOn":1,"videoThreadOn":1,"acquisitionThreadOn":1,"controlWatchdogDelay":0,"adcWatchdogDelay":0,"comWatchdogProblem":0,"emergencyLanding":0},"sequenceNumber":2017,"visionFlag":0,"demo":{"controlState":"CTRL_TRANS_GOTOFIX","flyState":"FLYING_OK","batteryPercentage":83,"rotation":{"frontBack":-1.842,"pitch":-1.842,"theta":-1.842,"y":-1.842,"leftRight":2.199,"roll":2.199,"phi":2.199,"x":2.199,"clockwise":-3.064,"yaw":-3.064,"psi":-3.064,"z":-3.064},"frontBackDegrees":-1.842,"leftRightDegrees":2.199,"clockwiseDegrees":-3.064,"altitude":0,"altitudeMeters":0,"velocity":{"x":141.0918426513672,"y":136.0635223388672,"z":0},"xVelocity":141.0918426513672,"yVelocity":136.0635223388672,"zVelocity":0,"frameIndex":0,"detection":{"camera":{"rotation":{"m11":0,"m12":0,"m13":0,"m21":0,"m22":0,"m23":0,"m31":0,"m32":0,"m33":0},"translation":{"x":0,"y":0,"z":0},"type":3},"tagIndex":0},"drone":{"camera":{"rotation":{"m11":0.6925649046897888,"m12":0.7196258902549744,"m13":-0.04992479458451271,"m21":-0.7206389307975769,"m22":0.6933020949363708,"m23":-0.003428187221288681,"m31":0.03214595094323158,"m32":0.03835199028253555,"m33":0.9987471103668213},"translation":{"x":60.76515579223633,"y":57.38242721557617,"z":0}}}},"visionDetect":{"nbDetected":0,"type":[0,0,0,0],"xc":[0,0,0,0],"yc":[0,0,0,0],"width":[0,0,0,0],"height":[0,0,0,0],"dist":[0,0,0,0],"orientationAngle":[0,0,0,0],"rotation":[{"m11":0,"m12":0,"m13":0,"m21":0,"m22":0,"m23":0,"m31":0,"m32":0,"m33":0},{"m11":0,"m12":0,"m13":0,"m21":0,"m22":0,"m23":0,"m31":0,"m32":0,"m33":0},{"m11":0,"m12":0,"m13":0,"m21":0,"m22":0,"m23":0,"m31":0,"m32":0,"m33":0},{"m11":0,"m12":0,"m13":0,"m21":0,"m22":0,"m23":0,"m31":0,"m32":0,"m33":0}],"translation":[{"x":0,"y":0,"z":0},{"x":0,"y":0,"z":0},{"x":0,"y":0,"z":0},{"x":0,"y":0,"z":0}],"cameraSource":[0,0,0,0]}}},{"event":"telemetry","at":"2015-08-02T22:49:27.343Z","data":{"header":1432778632,"droneState":{"flying":1,"videoEnabled":0,"visionEnabled":0,"controlAlgorithm":0,"altitudeControlAlgorithm":1,"startButtonState":1,"controlCommandAck":0,"cameraReady":1,"travellingEnabled":0,"usbReady":0,"navdataDemo":1,"navdataBootstrap":0,"motorProblem":0,"communicationLost":0,"softwareFault":0,"lowBattery":0,"userEmergencyLanding":0,"timerElapsed":0,"MagnometerNeedsCalibration":0,"anglesOutOfRange":0,"tooMuchWind":0,"ultrasonicSensorDeaf":0,"cutoutDetected":0,"picVersionNumberOk":1,"atCodecThreadOn":1,"navdataThreadOn":1,"videoThreadOn":1,"acquisitionThreadOn":1,"controlWatchdogDelay":0,"adcWatchdogDelay":0,"comWatchdogProblem":0,"emergencyLanding":0},"sequenceNumber":2018,"visionFlag":0,"demo":{"controlState":"CTRL_TRANS_GOTOFIX","flyState":"FLYING_OK","batteryPercentage":83,"rotation":{"frontBack":-1.821,"pitch":-1.821,"theta":-1.821,"y":-1.821,"leftRight":2.19,"roll":2.19,"phi":2.19,"x":2.19,"clockwise":-3.06,"yaw":-3.06,"psi":-3.06,"z":-3.06},"frontBackDegrees":-1.821,"leftRightDegrees":2.19,"clockwiseDegrees":-3.06,"altitude":0,"altitudeMeters":0,"velocity":{"x":150.37704467773438,"y":146.5228271484375,"z":0},"xVelocity":150.37704467773438,"yVelocity":146.5228271484375,"zVelocity":0,"frameIndex":0,"detection":{"camera":{"rotation":{"m11":0,"m12":0,"m13":0,"m21":0,"m22":0,"m23":0,"m31":0,"m32":0,"m33":0},"translation":{"x":0,"y":0,"z":0},"type":3},"tagIndex":0},"drone":{"camera":{"rotation":{"m11":0.692619800567627,"m12":0.7195974588394165,"m13":-0.04957182705402374,"m21":-0.7206021547317505,"m22":0.6933395266532898,"m23":-0.0035902000963687897,"m31":0.03178660571575165,"m32":0.03820820525288582,"m33":0.9987640976905823},"translation":{"x":70.74165344238281,"y":66.08252716064453,"z":0}}}},"visionDetect":{"nbDetected":0,"type":[0,0,0,0],"xc":[0,0,0,0],"yc":[0,0,0,0],"width":[0,0,0,0],"height":[0,0,0,0],"dist":[0,0,0,0],"orientationAngle":[0,0,0,0],"rotation":[{"m11":0,"m12":0,"m13":0,"m21":0,"m22":0,"m23":0,"m31":0,"m32":0,"m33":0},{"m11":0,"m12":0,"m13":0,"m21":0,"m22":0,"m23":0,"m31":0,"m32":0,"m33":0},{"m11":0,"m12":0,"m13":0,"m21":0,"m22":0,"m23":0,"m31":0,"m32":0,"m33":0},{"m11":0,"m12":0,"m13":0,"m21":0,"m22":0,"m23":0,"m31":0,"m32":0,"m33":0}],"translation":[{"x":0,"y":0,"z":0},{"x":0,"y":0,"z":0},{"x":0,"y":0,"z":0},{"x":0,"y":0,"z":0}],"cameraSource":[0,0,0,0]}}},{"event":"telemetry","at":"2015-08-02T22:49:27.405Z","data":{"header":1432778632,"droneState":{"flying":1,"videoEnabled":0,"visionEnabled":0,"controlAlgorithm":0,"altitudeControlAlgorithm":1,"startButtonState":1,"controlCommandAck":0,"cameraReady":1,"travellingEnabled":0,"usbReady":0,"navdataDemo":1,"navdataBootstrap":0,"motorProblem":0,"communicationLost":0,"softwareFault":0,"lowBattery":0,"userEmergencyLanding":0,"timerElapsed":0,"MagnometerNeedsCalibration":0,"anglesOutOfRange":0,"tooMuchWind":0,"ultrasonicSensorDeaf":0,"cutoutDetected":0,"picVersionNumberOk":1,"atCodecThreadOn":1,"navdataThreadOn":1,"videoThreadOn":1,"acquisitionThreadOn":1,"controlWatchdogDelay":0,"adcWatchdogDelay":0,"comWatchdogProblem":0,"emergencyLanding":0},"sequenceNumber":2019,"visionFlag":0,"demo":{"controlState":"CTRL_TRANS_GOTOFIX","flyState":"FLYING_OK","batteryPercentage":83,"rotation":{"frontBack":-1.81,"pitch":-1.81,"theta":-1.81,"y":-1.81,"leftRight":2.187,"roll":2.187,"phi":2.187,"x":2.187,"clockwise":-3.042,"yaw":-3.042,"psi":-3.042,"z":-3.042},"frontBackDegrees":-1.81,"leftRightDegrees":2.187,"clockwiseDegrees":-3.042,"altitude":0,"altitudeMeters":0,"velocity":{"x":159.47267150878906,"y":155.14332580566406,"z":0},"xVelocity":159.47267150878906,"yVelocity":155.14332580566406,"zVelocity":0,"frameIndex":0,"detection":{"camera":{"rotation":{"m11":0,"m12":0,"m13":0,"m21":0,"m22":0,"m23":0,"m31":0,"m32":0,"m33":0},"translation":{"x":0,"y":0,"z":0},"type":3},"tagIndex":0},"drone":{"camera":{"rotation":{"m11":0.6928576827049255,"m12":0.7193804979324341,"m13":-0.04939527064561844,"m21":-0.7203819751739502,"m22":0.6935676336288452,"m23":-0.003708353266119957,"m31":0.03159124404191971,"m32":0.03815282881259918,"m33":0.9987724423408508},"translation":{"x":81.36009979248047,"y":75.37582397460938,"z":0}}}},"visionDetect":{"nbDetected":0,"type":[0,0,0,0],"xc":[0,0,0,0],"yc":[0,0,0,0],"width":[0,0,0,0],"height":[0,0,0,0],"dist":[0,0,0,0],"orientationAngle":[0,0,0,0],"rotation":[{"m11":0,"m12":0,"m13":0,"m21":0,"m22":0,"m23":0,"m31":0,"m32":0,"m33":0},{"m11":0,"m12":0,"m13":0,"m21":0,"m22":0,"m23":0,"m31":0,"m32":0,"m33":0},{"m11":0,"m12":0,"m13":0,"m21":0,"m22":0,"m23":0,"m31":0,"m32":0,"m33":0},{"m11":0,"m12":0,"m13":0,"m21":0,"m22":0,"m23":0,"m31":0,"m32":0,"m33":0}],"translation":[{"x":0,"y":0,"z":0},{"x":0,"y":0,"z":0},{"x":0,"y":0,"z":0},{"x":0,"y":0,"z":0}],"cameraSource":[0,0,0,0]}}},{"event":"telemetry","at":"2015-08-02T22:49:27.470Z","data":{"header":1432778632,"droneState":{"flying":1,"videoEnabled":0,"visionEnabled":0,"controlAlgorithm":0,"altitudeControlAlgorithm":1,"startButtonState":1,"controlCommandAck":0,"cameraReady":1,"travellingEnabled":0,"usbReady":0,"navdataDemo":1,"navdataBootstrap":0,"motorProblem":0,"communicationLost":0,"softwareFault":0,"lowBattery":0,"userEmergencyLanding":0,"timerElapsed":0,"MagnometerNeedsCalibration":0,"anglesOutOfRange":0,"tooMuchWind":0,"ultrasonicSensorDeaf":0,"cutoutDetected":0,"picVersionNumberOk":1,"atCodecThreadOn":1,"navdataThreadOn":1,"videoThreadOn":1,"acquisitionThreadOn":1,"controlWatchdogDelay":0,"adcWatchdogDelay":0,"comWatchdogProblem":0,"emergencyLanding":0},"sequenceNumber":2020,"visionFlag":0,"demo":{"controlState":"CTRL_TRANS_GOTOFIX","flyState":"FLYING_OK","batteryPercentage":83,"rotation":{"frontBack":-1.805,"pitch":-1.805,"theta":-1.805,"y":-1.805,"leftRight":2.184,"roll":2.184,"phi":2.184,"x":2.184,"clockwise":-3.057,"yaw":-3.057,"psi":-3.057,"z":-3.057},"frontBackDegrees":-1.805,"leftRightDegrees":2.184,"clockwiseDegrees":-3.057,"altitude":0,"altitudeMeters":0,"velocity":{"x":168.5965576171875,"y":163.9636993408203,"z":0},"xVelocity":168.5965576171875,"yVelocity":163.9636993408203,"zVelocity":0,"frameIndex":0,"detection":{"camera":{"rotation":{"m11